0 -0.612602 0.607706 0.610100
1 -0.493457 0.493741 0.493602
2 -0.487824 0.488353 0.488094
3 -0.483950 0.484648 0.484306
4 -0.480401 0.481253 0.480836
5 -0.476900 0.477904 0.477413
6 -0.472370 0.473571 0.472984
7 -0.466839 0.468281 0.467576
8 -0.462307 0.463946 0.463145
9 -0.461456 0.463132 0.462313
10 -0.462698 0.464320 0.463527
11 -0.465918 0.467400 0.466675
12 -0.469552 0.470876 0.470228
13 -0.470885 0.472151 0.471532
14 -0.472074 0.473288 0.472694
15 -0.472125 0.473337 0.472744
16 -0.470501 0.471783 0.471156
17 -0.468904 0.470256 0.469595
18 -0.468511 0.469880 0.469211
19 -0.469017 0.470364 0.469706
20 -0.471151 0.472406 0.471792
21 -0.472239 0.473446 0.472856
22 -0.472393 0.473593 0.473006
23 -0.473227 0.474391 0.473822
24 -0.474595 0.475700 0.475160
25 -0.474484 0.475593 0.475051
26 -0.474648 0.475751 0.475212
27 -0.474826 0.475921 0.475386
28 -0.475217 0.476295 0.475768
29 -0.475241 0.476317 0.475791
30 -0.474112 0.475237 0.474687
31 -0.473979 0.475110 0.474557
32 -0.474486 0.475595 0.475053
33 -0.474930 0.476020 0.475487
34 -0.475700 0.476757 0.476240
35 -0.475216 0.476294 0.475767
36 -0.474509 0.475617 0.475075
37 -0.475433 0.476501 0.475979
38 -0.474931 0.476021 0.475489
39 -0.474941 0.476031 0.475498
40 -0.476268 0.477300 0.476796
41 -0.478419 0.479357 0.478899
42 -0.480728 0.481566 0.481156
43 -0.481261 0.482076 0.481678
44 -0.480462 0.481312 0.480897
45 -0.479638 0.480523 0.480091
46 -0.479721 0.480603 0.480172
47 -0.480793 0.481628 0.481220
48 -0.480403 0.481255 0.480839
49 -0.478002 0.478959 0.478491
50 -0.475401 0.476471 0.475948
51 -0.474827 0.475921 0.475386
52 -0.476345 0.477373 0.476870
53 -0.479418 0.480313 0.479875
54 -0.483690 0.484400 0.484053
55 -0.486633 0.487214 0.486930
56 -0.487878 0.488405 0.488147
57 -0.487264 0.487817 0.487547
58 -0.486017 0.486625 0.486328
59 -0.484983 0.485636 0.485317
60 -0.484721 0.485385 0.485060
61 -0.485184 0.485828 0.485513
62 -0.485164 0.485809 0.485493
63 -0.485033 0.485684 0.485366
64 -0.485919 0.486531 0.486232
65 -0.487112 0.487673 0.487399
66 -0.488264 0.488774 0.488525
67 -0.489315 0.489780 0.489553
68 -0.489844 0.490286 0.490070
69 -0.490508 0.490921 0.490719
70 -0.490707 0.491111 0.490913
71 -0.490852 0.491249 0.491055
72 -0.491068 0.491456 0.491267
73 -0.490395 0.490813 0.490609
74 -0.489204 0.489673 0.489443
75 -0.489121 0.489594 0.489363
76 -0.489417 0.489877 0.489652
77 -0.489732 0.490178 0.489960
78 -0.491215 0.491597 0.491410
79 -0.492456 0.492784 0.492624
80 -0.493088 0.493389 0.493242
81 -0.494071 0.494328 0.494202
82 -0.494971 0.495189 0.495083
83 -0.495141 0.495353 0.495249
84 -0.494935 0.495155 0.495048
85 -0.494000 0.494261 0.494134
86 -0.494866 0.495090 0.494980
87 -0.496716 0.496859 0.496789
88 -0.498258 0.498334 0.498297
89 -0.499583 0.499602 0.499593
90 -0.500023 0.500022 0.500023
91 -0.499727 0.499739 0.499733
92 -0.499864 0.499870 0.499867
93 -0.501358 0.501299 0.501328
94 -0.503985 0.503812 0.503897
95 -0.505778 0.505527 0.505650
96 -0.505922 0.505664 0.505790
97 -0.506235 0.505964 0.506096
98 -0.507584 0.507254 0.507415
99 -0.508705 0.508327 0.508512
100 -0.509711 0.509289 0.509495
101 -0.511172 0.510687 0.510924
102 -0.512460 0.511919 0.512184
103 -0.514203 0.513585 0.513887
104 -0.517800 0.517026 0.517404
105 -0.521446 0.520514 0.520970
106 -0.524642 0.523570 0.524094
107 -0.526947 0.525775 0.526348
108 -0.527835 0.526625 0.527217
109 -0.527384 0.526193 0.526775
110 -0.526367 0.525221 0.525781
111 -0.525360 0.524258 0.524797
112 -0.524310 0.523253 0.523770
113 -0.522867 0.521872 0.522358
114 -0.521123 0.520205 0.520654
115 -0.519341 0.518500 0.518911
116 -0.517660 0.516892 0.517267
117 -0.516122 0.515421 0.515764
118 -0.514971 0.514320 0.514638
119 -0.513965 0.513357 0.513654
120 -0.512952 0.512389 0.512664
121 -0.511989 0.511468 0.511723
122 -0.511109 0.510626 0.510862
123 -0.510317 0.509869 0.510088
124 -0.509603 0.509185 0.509389
125 -0.508948 0.508559 0.508749
126 -0.508349 0.507986 0.508163
127 -0.507797 0.507458 0.507624
128 -0.507286 0.506969 0.507124
129 -0.506816 0.506519 0.506664
130 -0.506379 0.506102 0.506238
131 -0.505976 0.505716 0.505843
132 -0.505600 0.505357 0.505476
133 -0.505247 0.505019 0.505131
134 -0.504922 0.504708 0.504813
135 -0.504611 0.504410 0.504508
136 -0.504321 0.504133 0.504225
137 -0.504049 0.503873 0.503959
138 -0.503793 0.503628 0.503709
139 -0.503555 0.503400 0.503476
140 -0.503332 0.503188 0.503258
141 -0.503120 0.502985 0.503051
142 -0.502922 0.502795 0.502857
143 -0.502733 0.502614 0.502672
144 -0.502552 0.502441 0.502495
145 -0.502382 0.502278 0.502329
146 -0.502220 0.502124 0.502171
147 -0.502069 0.501979 0.502023
148 -0.501926 0.501842 0.501883
149 -0.501791 0.501713 0.501751
150 -0.501662 0.501589 0.501625
151 -0.501540 0.501473 0.501505
152 -0.501422 0.501361 0.501391
153 -0.501315 0.501257 0.501285
154 -0.501210 0.501158 0.501183
155 -0.501112 0.501063 0.501087
156 -0.501017 0.500973 0.500994
157 -0.500930 0.500889 0.500909
158 -0.500846 0.500810 0.500828
159 -0.500764 0.500731 0.500747
160 -0.500693 0.500663 0.500678
161 -0.500623 0.500595 0.500609
162 -0.500555 0.500530 0.500542
163 -0.500493 0.500472 0.500482
164 -0.500438 0.500419 0.500428
165 -0.500384 0.500367 0.500375
166 -0.500332 0.500318 0.500325
167 -0.500284 0.500272 0.500278
168 -0.500241 0.500230 0.500235
169 -0.500200 0.500191 0.500196
170 -0.500164 0.500157 0.500160
171 -0.500130 0.500125 0.500127
172 -0.500099 0.500095 0.500097
173 -0.500072 0.500069 0.500071
174 -0.500050 0.500048 0.500049
175 -0.500031 0.500030 0.500030
176 -0.500016 0.500015 0.500015
177 -0.500004 0.500004 0.500004
178 -0.499993 0.499994 0.499994
179 -0.499986 0.499987 0.499986
180 -0.499979 0.499980 0.499979
181 -0.499973 0.499975 0.499974
182 -0.499968 0.499969 0.499969
183 -0.499964 0.499966 0.499965
184 -0.499960 0.499962 0.499961
185 -0.499956 0.499958 0.499957
186 -0.499952 0.499954 0.499953
187 -0.499947 0.499950 0.499949
188 -0.499943 0.499945 0.499944
189 -0.499938 0.499940 0.499939
190 -0.499933 0.499936 0.499934
191 -0.499928 0.499931 0.499929
192 -0.499923 0.499926 0.499924
193 -0.499918 0.499921 0.499919
194 -0.499914 0.499918 0.499916
195 -0.499916 0.499919 0.499918
196 -0.499927 0.499930 0.499929
197 -0.499948 0.499950 0.499949
198 -0.499968 0.499969 0.499968
199 -0.499975 0.499976 0.499976
200 -0.499971 0.499972 0.499971
201 -0.499960 0.499962 0.499961
202 -0.499945 0.499948 0.499946
203 -0.499926 0.499929 0.499927
204 -0.499898 0.499902 0.499900
205 -0.499857 0.499863 0.499860
206 -0.499815 0.499823 0.499819
207 -0.499834 0.499841 0.499837
208 -0.499929 0.499932 0.499931
209 -0.499982 0.499983 0.499982
210 -0.499980 0.499981 0.499981
211 -0.499961 0.499962 0.499961
212 -0.499938 0.499941 0.499940
213 -0.499918 0.499921 0.499920
214 -0.499904 0.499908 0.499906
215 -0.499905 0.499909 0.499907
216 -0.499930 0.499933 0.499931
217 -0.499977 0.499978 0.499977
218 -0.500011 0.500010 0.500011
219 -0.500014 0.500013 0.500014
220 -0.500001 0.500001 0.500001
221 -0.499986 0.499987 0.499987
222 -0.499977 0.499978 0.499977
223 -0.499968 0.499969 0.499968
224 -0.499955 0.499956 0.499956
225 -0.499933 0.499936 0.499934
226 -0.499899 0.499904 0.499901
227 -0.499849 0.499856 0.499853
228 -0.499794 0.499803 0.499798
229 -0.499785 0.499794 0.499790
230 -0.499875 0.499880 0.499877
231 -0.499954 0.499956 0.499955
232 -0.499955 0.499957 0.499956
233 -0.499913 0.499917 0.499915
234 -0.499854 0.499860 0.499857
235 -0.499795 0.499804 0.499799
236 -0.499733 0.499745 0.499739
237 -0.499674 0.499688 0.499681
238 -0.499615 0.499632 0.499624
239 -0.499559 0.499578 0.499568
240 -0.499501 0.499522 0.499512
241 -0.499430 0.499455 0.499443
242 -0.499334 0.499363 0.499348
243 -0.499235 0.499268 0.499252
244 -0.499214 0.499249 0.499232
245 -0.499241 0.499274 0.499258
246 -0.499194 0.499229 0.499212
247 -0.499094 0.499134 0.499114
248 -0.498987 0.499031 0.499010
249 -0.498870 0.498919 0.498895
250 -0.498742 0.498797 0.498770
251 -0.498602 0.498663 0.498633
252 -0.498456 0.498523 0.498490
253 -0.498354 0.498426 0.498391
254 -0.498340 0.498412 0.498377
255 -0.498284 0.498359 0.498322
256 -0.498155 0.498235 0.498196
257 -0.497994 0.498082 0.498039
258 -0.497819 0.497914 0.497867
259 -0.497634 0.497737 0.497687
260 -0.497438 0.497549 0.497495
261 -0.497237 0.497357 0.497298
262 -0.497025 0.497154 0.497091
263 -0.496780 0.496920 0.496851
264 -0.496481 0.496634 0.496559
265 -0.496244 0.496407 0.496327
266 -0.496178 0.496345 0.496263
267 -0.496039 0.496211 0.496127
268 -0.495792 0.495975 0.495885
269 -0.495493 0.495689 0.495593
270 -0.495168 0.495378 0.495276
271 -0.494832 0.495056 0.494946
272 -0.494470 0.494711 0.494593
273 -0.494083 0.494341 0.494215
274 -0.493666 0.493941 0.493807
275 -0.493218 0.493513 0.493369
276 -0.492734 0.493049 0.492895
277 -0.492201 0.492540 0.492374
278 -0.491688 0.492049 0.491872
279 -0.491226 0.491607 0.491421
280 -0.490654 0.491060 0.490861
281 -0.489945 0.490382 0.490168
282 -0.489139 0.489611 0.489380
283 -0.488239 0.488750 0.488500
284 -0.487211 0.487767 0.487495
285 -0.486011 0.486619 0.486322
286 -0.484675 0.485341 0.485016
287 -0.483298 0.484025 0.483670
288 -0.481824 0.482614 0.482228
289 -0.480261 0.481119 0.480700
290 -0.478340 0.479281 0.478821
291 -0.476178 0.477214 0.476708
292 -0.473890 0.475025 0.474470
293 -0.471403 0.472647 0.472039
294 -0.468445 0.469817 0.469147
295 -0.464859 0.466387 0.465640
296 -0.460936 0.462634 0.461804
297 -0.457256 0.459115 0.458206
298 -0.454424 0.456406 0.455437
299 -0.451728 0.453827 0.452801
300 -0.449795 0.451978 0.450911
301 -0.449252 0.451459 0.450380
302 -0.449504 0.451699 0.450626
303 -0.450544 0.452695 0.451643
304 -0.452674 0.454732 0.453726
305 -0.454894 0.456855 0.455897
306 -0.456285 0.458185 0.457256
307 -0.457351 0.459206 0.458299
308 -0.459279 0.461049 0.460184
309 -0.462150 0.463796 0.462991
310 -0.464537 0.466079 0.465325
311 -0.465654 0.467147 0.466417
312 -0.465771 0.467259 0.466532
313 -0.465642 0.467136 0.466405
314 -0.466691 0.468140 0.467432
315 -0.469676 0.470995 0.470350
316 -0.471810 0.473036 0.472437
317 -0.473146 0.474313 0.473743
318 -0.473720 0.474862 0.474304
319 -0.473593 0.474741 0.474180
320 -0.473697 0.474841 0.474281
321 -0.474366 0.475481 0.474936
322 -0.475438 0.476506 0.475984
323 -0.476860 0.477866 0.477375
324 -0.478180 0.479129 0.478665
325 -0.477897 0.478858 0.478388
326 -0.477538 0.478515 0.478037
327 -0.477937 0.478896 0.478427
328 -0.478085 0.479038 0.478572
329 -0.477124 0.478119 0.477632
330 -0.475927 0.476974 0.476462
331 -0.474951 0.476040 0.475508
332 -0.475003 0.476090 0.475559
333 -0.476961 0.477963 0.477473
334 -0.478868 0.479787 0.479337
335 -0.478900 0.479817 0.479368
336 -0.477922 0.478882 0.478413
337 -0.477653 0.478624 0.478149
338 -0.479536 0.480425 0.479990
339 -0.483057 0.483794 0.483434
340 -0.485404 0.486038 0.485728
341 -0.485955 0.486566 0.486267
342 -0.486092 0.486697 0.486401
343 -0.486406 0.486997 0.486708
344 -0.486429 0.487019 0.486731
345 -0.485306 0.485945 0.485632
346 -0.483631 0.484343 0.483995
347 -0.483147 0.483880 0.483522
348 -0.483637 0.484348 0.484001
349 -0.484213 0.484900 0.484564
350 -0.484768 0.485430 0.485107
351 -0.485507 0.486137 0.485829
352 -0.487003 0.487568 0.487292
353 -0.488536 0.489035 0.488791
354 -0.489153 0.489624 0.489394
355 -0.489244 0.489711 0.489483
356 -0.490262 0.490685 0.490478
357 -0.491145 0.491530 0.491342
358 -0.490706 0.491110 0.490912
359 -0.489787 0.490231 0.490014
360 -0.489808 0.490251 0.490034
361 -0.490638 0.491045 0.490846
362 -0.491270 0.491650 0.491464
363 -0.491943 0.492293 0.492122
364 -0.492901 0.493210 0.493059
365 -0.492642 0.492962 0.492806
366 -0.492194 0.492533 0.492367
367 -0.492226 0.492564 0.492399
368 -0.492068 0.492413 0.492244
369 -0.491278 0.491657 0.491471
370 -0.489846 0.490287 0.490072
371 -0.489266 0.489732 0.489504
372 -0.489976 0.490412 0.490199
373 -0.491295 0.491673 0.491488
374 -0.492472 0.492800 0.492640
375 -0.493154 0.493451 0.493306
376 -0.493079 0.493380 0.493233
377 -0.492986 0.493291 0.493142
378 -0.492626 0.492947 0.492790
379 -0.492500 0.492827 0.492667
380 -0.492632 0.492952 0.492796
381 -0.492267 0.492604 0.492439
382 -0.491963 0.492312 0.492142
383 -0.491873 0.492227 0.492054
384 -0.492030 0.492376 0.492207
385 -0.493069 0.493370 0.493223
386 -0.493766 0.494037 0.493904
387 -0.494009 0.494269 0.494142
388 -0.493935 0.494199 0.494070
389 -0.493571 0.493850 0.493714
390 -0.493327 0.493617 0.493475
391 -0.493359 0.493648 0.493506
392 -0.493497 0.493779 0.493641
393 -0.493505 0.493787 0.493649
394 -0.493212 0.493508 0.493363
395 -0.493501 0.493784 0.493645
396 -0.494329 0.494575 0.494455
397 -0.495306 0.495510 0.495410
398 -0.495903 0.496081 0.495994
399 -0.496266 0.496428 0.496349
400 -0.496423 0.496578 0.496502
401 -0.496273 0.496436 0.496356
402 -0.495980 0.496154 0.496069
403 -0.495170 0.495380 0.495277
404 -0.494715 0.494945 0.494832
405 -0.494401 0.494645 0.494525
406 -0.494408 0.494651 0.494533
407 -0.494807 0.495033 0.494923
408 -0.495296 0.495501 0.495401
409 -0.495295 0.495500 0.495400
410 -0.494606 0.494840 0.494726
411 -0.493938 0.494202 0.494073
412 -0.494317 0.494564 0.494443
413 -0.495119 0.495331 0.495227
414 -0.495334 0.495536 0.495437
415 -0.495228 0.495435 0.495334
416 -0.495459 0.495656 0.495560
417 -0.495543 0.495736 0.495642
418 -0.495465 0.495662 0.495566
419 -0.495333 0.495536 0.495437
420 -0.495199 0.495407 0.495305
421 -0.495395 0.495595 0.495497
422 -0.495783 0.495966 0.495877
423 -0.496187 0.496353 0.496272
424 -0.496453 0.496608 0.496532
425 -0.496527 0.496678 0.496604
426 -0.496791 0.496930 0.496862
427 -0.497032 0.497161 0.497098
428 -0.496798 0.496937 0.496869
429 -0.496086 0.496256 0.496173
430 -0.495518 0.495712 0.495617
431 -0.495483 0.495679 0.495583
432 -0.495655 0.495844 0.495752
433 -0.495997 0.496171 0.496086
434 -0.496193 0.496359 0.496278
435 -0.496458 0.496612 0.496537
436 -0.496617 0.496764 0.496692
437 -0.496351 0.496510 0.496433
438 -0.495761 0.495946 0.495855
439 -0.495025 0.495241 0.495135
440 -0.494728 0.494957 0.494845
441 -0.494994 0.495212 0.495106
442 -0.495524 0.495718 0.495623
443 -0.496263 0.496426 0.496346
444 -0.497133 0.497257 0.497197
445 -0.497754 0.497852 0.497804
446 -0.498057 0.498142 0.498100
447 -0.497931 0.498021 0.497977
448 -0.497522 0.497630 0.497577
449 -0.497189 0.497312 0.497252
450 -0.496880 0.497016 0.496950
451 -0.496457 0.496611 0.496536
452 -0.496239 0.496403 0.496323
453 -0.496292 0.496453 0.496375
454 -0.496514 0.496665 0.496591
455 -0.497049 0.497177 0.497115
456 -0.497929 0.498019 0.497975
457 -0.498688 0.498745 0.498717
458 -0.499146 0.499183 0.499165
459 -0.499419 0.499444 0.499431
460 -0.499503 0.499524 0.499514
461 -0.499360 0.499388 0.499374
462 -0.498997 0.499041 0.499020
463 -0.498634 0.498693 0.498664
464 -0.498505 0.498570 0.498538
465 -0.498713 0.498769 0.498742
466 -0.499153 0.499190 0.499172
467 -0.499645 0.499661 0.499653
468 -0.500227 0.500217 0.500222
469 -0.500645 0.500617 0.500631
470 -0.500641 0.500613 0.500627
471 -0.500245 0.500234 0.500239
472 -0.499775 0.499785 0.499780
473 -0.499646 0.499661 0.499653
474 -0.500009 0.500008 0.500009
475 -0.500789 0.500755 0.500772
476 -0.501716 0.501641 0.501677
477 -0.502348 0.502246 0.502296
478 -0.502810 0.502688 0.502748
479 -0.503023 0.502892 0.502956
480 -0.502853 0.502729 0.502790
481 -0.502547 0.502436 0.502490
482 -0.502190 0.502095 0.502142
483 -0.501934 0.501850 0.501891
484 -0.502069 0.501979 0.502023
485 -0.502869 0.502744 0.502805
486 -0.504240 0.504055 0.504145
487 -0.505385 0.505151 0.505265
488 -0.506031 0.505768 0.505897
489 -0.506463 0.506182 0.506319
490 -0.506721 0.506429 0.506571
491 -0.506881 0.506582 0.506728
492 -0.507092 0.506784 0.506934
493 -0.507576 0.507246 0.507407
494 -0.508343 0.507980 0.508157
495 -0.509066 0.508672 0.508865
496 -0.509728 0.509305 0.509512
497 -0.510436 0.509982 0.510204
498 -0.511322 0.510830 0.511070
499 -0.512464 0.511922 0.512187
500 -0.513754 0.513156 0.513448
501 -0.515006 0.514354 0.514673
502 -0.516162 0.515459 0.515803
503 -0.517239 0.516490 0.516856
504 -0.518385 0.517586 0.517977
505 -0.519591 0.518740 0.519156
506 -0.520743 0.519841 0.520282
507 -0.521743 0.520797 0.521260
508 -0.522565 0.521584 0.522064
509 -0.523399 0.522381 0.522879
510 -0.523918 0.522878 0.523386
511 -0.523998 0.522955 0.523465
512 -0.523783 0.522749 0.523255
513 -0.523280 0.522268 0.522762
514 -0.522427 0.521452 0.521928
515 -0.521238 0.520314 0.520766
516 -0.520197 0.519319 0.519748
517 -0.519250 0.518413 0.518822
518 -0.518488 0.517684 0.518077
519 -0.517822 0.517047 0.517426
520 -0.516985 0.516247 0.516608
521 -0.515997 0.515301 0.515641
522 -0.514997 0.514345 0.514664
523 -0.514038 0.513428 0.513726
524 -0.513101 0.512532 0.512810
525 -0.512188 0.511658 0.511918
526 -0.511326 0.510833 0.511074
527 -0.510525 0.510067 0.510291
528 -0.509784 0.509359 0.509567
529 -0.509105 0.508709 0.508902
530 -0.508482 0.508113 0.508294
531 -0.507912 0.507568 0.507736
532 -0.507387 0.507066 0.507223
533 -0.506900 0.506600 0.506747
534 -0.506451 0.506171 0.506308
535 -0.506039 0.505777 0.505905
536 -0.505652 0.505407 0.505527
537 -0.505293 0.505063 0.505175
538 -0.504952 0.504737 0.504842
539 -0.504636 0.504435 0.504533
540 -0.504344 0.504155 0.504248
541 -0.504071 0.503894 0.503981
542 -0.503812 0.503647 0.503728
543 -0.503567 0.503412 0.503487
544 -0.503338 0.503193 0.503264
545 -0.503123 0.502987 0.503053
546 -0.502922 0.502795 0.502857
547 -0.502733 0.502614 0.502673
548 -0.502549 0.502438 0.502493
549 -0.502382 0.502278 0.502329
550 -0.502224 0.502127 0.502174
551 -0.502073 0.501983 0.502027
552 -0.501930 0.501846 0.501887
553 -0.501794 0.501716 0.501754
554 -0.501663 0.501590 0.501626
555 -0.501542 0.501474 0.501507
556 -0.501427 0.501365 0.501395
557 -0.501319 0.501262 0.501290
558 -0.501215 0.501162 0.501188
559 -0.501122 0.501073 0.501097
560 -0.501025 0.500981 0.501002
561 -0.500937 0.500896 0.500916
562 -0.500856 0.500819 0.500837
563 -0.500776 0.500742 0.500759
564 -0.500699 0.500669 0.500683
565 -0.500631 0.500603 0.500617
566 -0.500567 0.500542 0.500554
567 -0.500505 0.500483 0.500494
568 -0.500448 0.500428 0.500438
569 -0.500394 0.500377 0.500385
570 -0.500343 0.500328 0.500335
571 -0.500295 0.500282 0.500288
572 -0.500255 0.500244 0.500249
573 -0.500213 0.500204 0.500209
574 -0.500177 0.500169 0.500173
575 -0.500144 0.500137 0.500140
576 -0.500115 0.500110 0.500113
577 -0.500089 0.500085 0.500087
578 -0.500066 0.500063 0.500064
579 -0.500046 0.500044 0.500045
580 -0.500030 0.500029 0.500030
581 -0.500016 0.500015 0.500016
582 -0.500003 0.500002 0.500002
583 -0.499992 0.499992 0.499992
584 -0.499982 0.499983 0.499982
585 -0.499975 0.499976 0.499976
586 -0.499968 0.499969 0.499968
587 -0.499961 0.499962 0.499961
588 -0.499954 0.499956 0.499955
589 -0.499946 0.499948 0.499947
590 -0.499937 0.499940 0.499938
591 -0.499926 0.499930 0.499928
592 -0.499913 0.499917 0.499915
593 -0.499899 0.499904 0.499902
594 -0.499887 0.499892 0.499889
595 -0.499885 0.499890 0.499887
596 -0.499904 0.499908 0.499906
597 -0.499940 0.499943 0.499941
598 -0.499968 0.499970 0.499969
599 -0.499978 0.499979 0.499979
600 -0.499977 0.499978 0.499977
601 -0.499972 0.499973 0.499973
602 -0.499968 0.499969 0.499969
603 -0.499966 0.499967 0.499967
604 -0.499966 0.499968 0.499967
605 -0.499967 0.499968 0.499967
606 -0.499966 0.499967 0.499966
607 -0.499962 0.499964 0.499963
608 -0.499957 0.499958 0.499958
609 -0.499949 0.499952 0.499951
610 -0.499942 0.499945 0.499943
611 -0.499937 0.499940 0.499938
612 -0.499937 0.499940 0.499938
613 -0.499946 0.499948 0.499947
614 -0.499966 0.499967 0.499967
615 -0.499991 0.499991 0.499991
616 -0.500006 0.500005 0.500005
617 -0.500007 0.500006 0.500007
618 -0.500000 0.500000 0.500000
619 -0.499991 0.499992 0.499991
620 -0.499982 0.499983 0.499983
621 -0.499974 0.499976 0.499975
622 -0.499968 0.499970 0.499969
623 -0.499963 0.499965 0.499964
624 -0.499959 0.499960 0.499960
625 -0.499953 0.499955 0.499954
626 -0.499941 0.499943 0.499942
627 -0.499917 0.499920 0.499918
628 -0.499874 0.499880 0.499877
629 -0.499814 0.499822 0.499818
630 -0.499790 0.499800 0.499795
631 -0.499882 0.499887 0.499884
632 -0.499962 0.499964 0.499963
633 -0.499962 0.499963 0.499963
634 -0.499931 0.499934 0.499932
635 -0.499890 0.499895 0.499892
636 -0.499847 0.499854 0.499850
637 -0.499805 0.499814 0.499809
638 -0.499764 0.499774 0.499769
639 -0.499719 0.499731 0.499725
640 -0.499674 0.499688 0.499681
641 -0.499629 0.499645 0.499637
642 -0.499581 0.499599 0.499590
643 -0.499535 0.499555 0.499545
644 -0.499497 0.499519 0.499508
645 -0.499457 0.499480 0.499469
646 -0.499404 0.499430 0.499417
647 -0.499335 0.499364 0.499349
648 -0.499255 0.499287 0.499272
649 -0.499171 0.499207 0.499189
650 -0.499078 0.499118 0.499098
651 -0.498982 0.499026 0.499004
652 -0.498882 0.498931 0.498907
653 -0.498794 0.498846 0.498820
654 -0.498716 0.498772 0.498744
655 -0.498628 0.498688 0.498659
656 -0.498521 0.498585 0.498554
657 -0.498397 0.498466 0.498432
658 -0.498260 0.498336 0.498299
659 -0.498115 0.498197 0.498157
660 -0.497958 0.498047 0.498004
661 -0.497794 0.497890 0.497843
662 -0.497627 0.497730 0.497680
663 -0.497478 0.497587 0.497534
664 -0.497343 0.497458 0.497402
665 -0.497189 0.497311 0.497251
666 -0.496995 0.497126 0.497062
667 -0.496778 0.496918 0.496850
668 -0.496550 0.496700 0.496627
669 -0.496309 0.496470 0.496391
670 -0.496050 0.496222 0.496138
671 -0.495778 0.495961 0.495872
672 -0.495489 0.495685 0.495589
673 -0.495175 0.495385 0.495283
674 -0.494844 0.495068 0.494959
675 -0.494489 0.494728 0.494611
676 -0.494107 0.494363 0.494238
677 -0.493710 0.493983 0.493850
678 -0.493311 0.493602 0.493460
679 -0.492895 0.493204 0.493053
680 -0.492424 0.492753 0.492592
681 -0.491883 0.492236 0.492064
682 -0.491287 0.491666 0.491481
683 -0.490636 0.491043 0.490844
684 -0.489923 0.490361 0.490147
685 -0.489143 0.489615 0.489384
686 -0.488263 0.488773 0.488524
687 -0.487248 0.487803 0.487532
688 -0.486085 0.486690 0.486394
689 -0.484920 0.485576 0.485255
690 -0.483898 0.484598 0.484255
691 -0.482803 0.483550 0.483185
692 -0.481357 0.482168 0.481772
693 -0.479424 0.480319 0.479881
694 -0.477431 0.478412 0.477932
695 -0.475881 0.476929 0.476417
696 -0.474239 0.475359 0.474811
697 -0.472268 0.473474 0.472885
698 -0.469912 0.471220 0.470580
699 -0.467406 0.468823 0.468130
700 -0.465457 0.466959 0.466225
701 -0.463828 0.465401 0.464632
702 -0.462619 0.464245 0.463450
703 -0.461737 0.463401 0.462587
704 -0.460670 0.462380 0.461544
705 -0.460052 0.461789 0.460940
706 -0.460639 0.462350 0.461514
707 -0.461987 0.463640 0.462832
708 -0.462791 0.464409 0.463618
709 -0.462828 0.464444 0.463654
710 -0.463029 0.464637 0.463851
711 -0.464408 0.465955 0.465199
712 -0.465769 0.467258 0.466530
713 -0.467359 0.468778 0.468084
714 -0.469479 0.470806 0.470157
715 -0.471775 0.473002 0.472402
716 -0.473225 0.474389 0.473820
717 -0.474374 0.475488 0.474943
718 -0.475779 0.476832 0.476317
719 -0.477422 0.478404 0.477924
720 -0.478279 0.479223 0.478762
721 -0.478726 0.479651 0.479198
722 -0.479237 0.480140 0.479698
723 -0.479893 0.480767 0.480339
724 -0.480633 0.481475 0.481063
725 -0.480921 0.481750 0.481345
726 -0.480634 0.481476 0.481064
727 -0.480930 0.481759 0.481354
728 -0.482647 0.483402 0.483033
729 -0.484826 0.485486 0.485163
730 -0.486120 0.486723 0.486428
731 -0.486582 0.487166 0.486880
732 -0.486730 0.487307 0.487025
733 -0.486801 0.487374 0.487094
734 -0.486943 0.487511 0.487233
735 -0.486848 0.487420 0.487141
736 -0.487175 0.487733 0.487460
737 -0.487289 0.487841 0.487571
738 -0.487592 0.488131 0.487867
739 -0.488347 0.488854 0.488606
740 -0.489651 0.490101 0.489881
741 -0.491230 0.491611 0.491425
742 -0.492630 0.492950 0.492794
743 -0.492910 0.493218 0.493068
744 -0.492656 0.492975 0.492819
745 -0.491959 0.492309 0.492138
746 -0.491424 0.491797 0.491615
747 -0.491593 0.491958 0.491780
748 -0.492814 0.493126 0.492974
749 -0.494125 0.494380 0.494255
750 -0.494734 0.494963 0.494851
751 -0.494766 0.494994 0.494882
752 -0.494515 0.494754 0.494637
753 -0.494020 0.494280 0.494153
754 -0.493613 0.493891 0.493755
755 -0.493212 0.493507 0.493362
756 -0.493193 0.493489 0.493344
757 -0.493483 0.493766 0.493628
758 -0.493368 0.493656 0.493515
759 -0.493138 0.493436 0.493290
760 -0.493153 0.493450 0.493305
761 -0.493357 0.493645 0.493504
762 -0.493732 0.494005 0.493872
763 -0.494124 0.494380 0.494255
764 -0.494826 0.495050 0.494940
765 -0.495290 0.495495 0.495395
766 -0.495812 0.495994 0.495905
767 -0.495939 0.496115 0.496029
768 -0.495545 0.495738 0.495644
769 -0.494913 0.495134 0.495026
770 -0.494559 0.494796 0.494680
771 -0.494552 0.494789 0.494673
772 -0.494707 0.494937 0.494825
773 -0.494967 0.495186 0.495079
774 -0.495895 0.496073 0.495986
775 -0.496915 0.497049 0.496983
776 -0.497485 0.497594 0.497541
777 -0.497431 0.497543 0.497488
778 -0.496926 0.497059 0.496994
779 -0.496288 0.496450 0.496371
780 -0.495602 0.495793 0.495700
781 -0.495442 0.495640 0.495543
782 -0.495809 0.495991 0.495902
783 -0.496374 0.496532 0.496455
784 -0.496732 0.496874 0.496804
785 -0.496939 0.497072 0.497007
786 -0.497253 0.497372 0.497314
787 -0.497212 0.497333 0.497274
788 -0.496834 0.496972 0.496905
789 -0.496213 0.496377 0.496297
790 -0.495513 0.495708 0.495613
791 -0.495444 0.495642 0.495545
792 -0.496004 0.496178 0.496093
793 -0.496400 0.496557 0.496480
794 -0.496529 0.496680 0.496607
795 -0.496482 0.496635 0.496560
796 -0.496315 0.496475 0.496397
797 -0.496059 0.496231 0.496147
798 -0.495988 0.496163 0.496077
799 -0.496290 0.496451 0.496372
800 -0.496790 0.496929 0.496861
801 -0.497332 0.497448 0.497392
802 -0.497535 0.497642 0.497590
803 -0.497362 0.497477 0.497420
804 -0.497099 0.497225 0.497163
805 -0.496717 0.496859 0.496790
806 -0.496386 0.496543 0.496467
807 -0.496514 0.496665 0.496591
808 -0.497021 0.497151 0.497088
809 -0.497444 0.497555 0.497501
810 -0.497468 0.497578 0.497524
811 -0.497219 0.497340 0.497280
812 -0.497142 0.497266 0.497205
813 -0.497255 0.497374 0.497316
814 -0.497128 0.497253 0.497192
815 -0.496756 0.496897 0.496828
816 -0.496332 0.496492 0.496414
817 -0.496352 0.496511 0.496433
818 -0.496603 0.496751 0.496679
819 -0.496853 0.496990 0.496923
820 -0.496784 0.496924 0.496855
821 -0.496733 0.496875 0.496806
822 -0.496966 0.497098 0.497034
823 -0.497271 0.497389 0.497331
824 -0.497515 0.497623 0.497570
825 -0.497880 0.497973 0.497928
826 -0.498077 0.498161 0.498120
827 -0.498108 0.498190 0.498150
828 -0.497949 0.498038 0.497994
829 -0.497637 0.497740 0.497690
830 -0.497335 0.497451 0.497395
831 -0.497117 0.497243 0.497181
832 -0.496876 0.497012 0.496945
833 -0.496738 0.496879 0.496810
834 -0.496957 0.497089 0.497025
835 -0.497603 0.497707 0.497656
836 -0.498397 0.498467 0.498433
837 -0.498785 0.498838 0.498812
838 -0.498488 0.498554 0.498522
839 -0.497987 0.498074 0.498031
840 -0.497785 0.497881 0.497834
841 -0.497505 0.497613 0.497560
842 -0.497027 0.497157 0.497093
843 -0.496812 0.496950 0.496883
844 -0.496836 0.496973 0.496906
845 -0.497095 0.497221 0.497160
846 -0.497391 0.497505 0.497449
847 -0.497478 0.497588 0.497534
848 -0.497554 0.497661 0.497609
849 -0.497675 0.497776 0.497727
850 -0.497759 0.497857 0.497809
851 -0.498095 0.498177 0.498137
852 -0.498391 0.498461 0.498427
853 -0.498468 0.498535 0.498502
854 -0.498467 0.498534 0.498501
855 -0.498402 0.498471 0.498437
856 -0.498067 0.498151 0.498110
857 -0.497714 0.497813 0.497765
858 -0.497757 0.497855 0.497807
859 -0.497890 0.497982 0.497937
860 -0.498030 0.498115 0.498073
861 -0.498383 0.498453 0.498419
862 -0.498879 0.498928 0.498904
863 -0.499253 0.499286 0.499270
864 -0.499340 0.499369 0.499355
865 -0.499546 0.499565 0.499556
866 -0.499921 0.499924 0.499922
867 -0.500111 0.500107 0.500109
868 -0.500205 0.500196 0.500200
869 -0.500466 0.500446 0.500456
870 -0.500769 0.500735 0.500752
871 -0.501035 0.500990 0.501012
872 -0.501122 0.501074 0.501098
873 -0.500980 0.500937 0.500958
874 -0.500842 0.500806 0.500824
875 -0.500792 0.500757 0.500774
876 -0.500952 0.500911 0.500931
877 -0.501334 0.501276 0.501305
878 -0.501957 0.501872 0.501913
879 -0.502662 0.502546 0.502602
880 -0.503033 0.502901 0.502966
881 -0.503151 0.503014 0.503081
882 -0.503156 0.503019 0.503086
883 -0.503109 0.502974 0.503040
884 -0.503286 0.503143 0.503213
885 -0.503807 0.503641 0.503722
886 -0.504351 0.504162 0.504254
887 -0.504734 0.504528 0.504629
888 -0.505040 0.504820 0.504928
889 -0.505399 0.505164 0.505279
890 -0.505981 0.505721 0.505848
891 -0.506599 0.506312 0.506452
892 -0.507018 0.506713 0.506862
893 -0.507233 0.506918 0.507072
894 -0.507458 0.507134 0.507292
895 -0.508195 0.507839 0.508013
896 -0.509427 0.509017 0.509217
897 -0.510406 0.509953 0.510175
898 -0.511244 0.510756 0.510995
899 -0.512234 0.511702 0.511962
900 -0.513112 0.512542 0.512820
901 -0.513676 0.513081 0.513372
902 -0.514080 0.513468 0.513767
903 -0.514531 0.513900 0.514208
904 -0.515055 0.514401 0.514721
905 -0.515936 0.515243 0.515581
906 -0.517188 0.516441 0.516806
907 -0.518659 0.517848 0.518244
908 -0.520102 0.519228 0.519655
909 -0.521176 0.520255 0.520705
910 -0.521771 0.520824 0.521287
911 -0.521979 0.521023 0.521490
912 -0.521903 0.520950 0.521416
913 -0.521659 0.520718 0.521178
914 -0.521519 0.520583 0.521041
915 -0.521385 0.520456 0.520910
916 -0.521057 0.520141 0.520589
917 -0.520484 0.519593 0.520029
918 -0.519749 0.518891 0.519311
919 -0.518992 0.518166 0.518570
920 -0.518222 0.517430 0.517817
921 -0.517418 0.516661 0.517031
922 -0.516572 0.515851 0.516204
923 -0.515701 0.515018 0.515352
924 -0.514813 0.514169 0.514484
925 -0.513920 0.513315 0.513610
926 -0.513073 0.512504 0.512782
927 -0.512262 0.511728 0.511989
928 -0.511484 0.510984 0.511228
929 -0.510744 0.510277 0.510505
930 -0.510051 0.509614 0.509828
931 -0.509400 0.508992 0.509192
932 -0.508788 0.508406 0.508593
933 -0.508212 0.507855 0.508029
934 -0.507670 0.507336 0.507499
935 -0.507162 0.506851 0.507003
936 -0.506691 0.506401 0.506543
937 -0.506252 0.505980 0.506113
938 -0.505842 0.505588 0.505713
939 -0.505466 0.505228 0.505345
940 -0.505115 0.504892 0.505001
941 -0.504786 0.504578 0.504680
942 -0.504481 0.504287 0.504382
943 -0.504197 0.504014 0.504103
944 -0.503931 0.503760 0.503843
945 -0.503678 0.503519 0.503597
946 -0.503440 0.503290 0.503363
947 -0.503218 0.503079 0.503147
948 -0.503012 0.502881 0.502945
949 -0.502814 0.502691 0.502751
950 -0.502627 0.502513 0.502569
951 -0.502452 0.502345 0.502397
952 -0.502287 0.502188 0.502236
953 -0.502131 0.502038 0.502083
954 -0.501986 0.501899 0.501942
955 -0.501845 0.501764 0.501804
956 -0.501711 0.501637 0.501673
957 -0.501587 0.501518 0.501552
958 -0.501469 0.501405 0.501436
959 -0.501357 0.501298 0.501327
960 -0.501251 0.501197 0.501223
961 -0.501154 0.501103 0.501128
962 -0.501059 0.501013 0.501035
963 -0.500967 0.500925 0.500946
964 -0.500882 0.500843 0.500862
965 -0.500799 0.500764 0.500781
966 -0.500727 0.500696 0.500711
967 -0.500658 0.500629 0.500643
968 -0.500593 0.500567 0.500579
969 -0.500529 0.500506 0.500517
970 -0.500470 0.500449 0.500459
971 -0.500415 0.500397 0.500406
972 -0.500360 0.500345 0.500352
973 -0.500312 0.500298 0.500305
974 -0.500267 0.500255 0.500261
975 -0.500225 0.500215 0.500220
976 -0.500189 0.500180 0.500184
977 -0.500156 0.500149 0.500153
978 -0.500127 0.500122 0.500125
979 -0.500103 0.500098 0.500100
980 -0.500082 0.500078 0.500080
981 -0.500063 0.500060 0.500062
982 -0.500045 0.500043 0.500044
983 -0.500029 0.500028 0.500028
984 -0.500014 0.500013 0.500014
985 -0.500000 0.500000 0.500000
986 -0.499985 0.499986 0.499986
987 -0.499973 0.499974 0.499973
988 -0.499961 0.499962 0.499961
989 -0.499949 0.499951 0.499950
990 -0.499939 0.499941 0.499940
991 -0.499932 0.499935 0.499933
992 -0.499929 0.499932 0.499931
993 -0.499932 0.499935 0.499934
994 -0.499938 0.499941 0.499939
995 -0.499944 0.499947 0.499946
996 -0.499948 0.499951 0.499950
997 -0.499952 0.499954 0.499953
998 -0.499954 0.499956 0.499955
999 -0.499958 0.499959 0.499959
1000 -0.499961 0.499963 0.499962
1001 -0.499964 0.499965 0.499964
1002 -0.499964 0.499966 0.499965
1003 -0.499963 0.499964 0.499964
1004 -0.499960 0.499961 0.499961
1005 -0.499955 0.499957 0.499956
1006 -0.499951 0.499953 0.499952
1007 -0.499947 0.499949 0.499948
1008 -0.499946 0.499949 0.499948
1009 -0.499951 0.499953 0.499952
1010 -0.499962 0.499963 0.499962
1011 -0.499975 0.499976 0.499976
1012 -0.499987 0.499988 0.499987
1013 -0.499992 0.499993 0.499993
1014 -0.499992 0.499993 0.499992
1015 -0.499989 0.499990 0.499989
1016 -0.499985 0.499986 0.499985
1017 -0.499982 0.499983 0.499982
1018 -0.499980 0.499981 0.499981
1019 -0.499980 0.499981 0.499980
1020 -0.499981 0.499982 0.499981
1021 -0.499982 0.499983 0.499982
1022 -0.499980 0.499981 0.499981
1023 -0.499973 0.499974 0.499974
1024 -0.499960 0.499962 0.499961
1025 -0.499941 0.499944 0.499943
1026 -0.499917 0.499920 0.499918
1027 -0.499897 0.499901 0.499899
1028 -0.499909 0.499913 0.499911
1029 -0.499960 0.499962 0.499961
1030 -0.499994 0.499994 0.499994
1031 -0.499990 0.499990 0.499990
1032 -0.499965 0.499967 0.499966
1033 -0.499935 0.499938 0.499937
1034 -0.499905 0.499909 0.499907
1035 -0.499877 0.499882 0.499879
1036 -0.499851 0.499857 0.499854
1037 -0.499827 0.499834 0.499831
1038 -0.499808 0.499816 0.499812
1039 -0.499788 0.499797 0.499793
1040 -0.499766 0.499777 0.499772
1041 -0.499736 0.499747 0.499741
1042 -0.499695 0.499708 0.499702
1043 -0.499643 0.499658 0.499651
1044 -0.499588 0.499606 0.499598
1045 -0.499529 0.499549 0.499539
1046 -0.499472 0.499495 0.499484
1047 -0.499415 0.499440 0.499428
1048 -0.499361 0.499389 0.499376
1049 -0.499307 0.499337 0.499322
1050 -0.499245 0.499278 0.499262
1051 -0.499177 0.499213 0.499195
1052 -0.499096 0.499136 0.499116
1053 -0.499009 0.499052 0.499031
1054 -0.498908 0.498955 0.498932
1055 -0.498805 0.498857 0.498832
1056 -0.498696 0.498752 0.498725
1057 -0.498588 0.498649 0.498619
1058 -0.498476 0.498542 0.498510
1059 -0.498362 0.498434 0.498399
1060 -0.498244 0.498320 0.498283
1061 -0.498113 0.498195 0.498155
1062 -0.497972 0.498060 0.498017
1063 -0.497819 0.497914 0.497868
1064 -0.497658 0.497759 0.497710
1065 -0.497488 0.497597 0.497543
1066 -0.497313 0.497430 0.497373
1067 -0.497126 0.497251 0.497190
1068 -0.496929 0.497063 0.496997
1069 -0.496717 0.496860 0.496790
1070 -0.496489 0.496642 0.496567
1071 -0.496248 0.496411 0.496331
1072 -0.495985 0.496160 0.496075
1073 -0.495709 0.495895 0.495804
1074 -0.495421 0.495621 0.495523
1075 -0.495113 0.495326 0.495222
1076 -0.494791 0.495018 0.494907
1077 -0.494449 0.494691 0.494573
1078 -0.494075 0.494333 0.494207
1079 -0.493668 0.493943 0.493809
1080 -0.493222 0.493517 0.493373
1081 -0.492741 0.493057 0.492903
1082 -0.492224 0.492562 0.492397
1083 -0.491662 0.492024 0.491847
1084 -0.491050 0.491439 0.491249
1085 -0.490386 0.490804 0.490600
1086 -0.489646 0.490096 0.489876
1087 -0.488809 0.489296 0.489058
1088 -0.487837 0.488366 0.488107
1089 -0.486678 0.487257 0.486974
1090 -0.485372 0.486008 0.485698
1091 -0.484222 0.484908 0.484573
1092 -0.483400 0.484122 0.483769
1093 -0.482676 0.483429 0.483061
1094 -0.481951 0.482736 0.482352
1095 -0.480901 0.481731 0.481325
1096 -0.479297 0.480197 0.479757
1097 -0.477615 0.478589 0.478113
1098 -0.476038 0.477079 0.476570
1099 -0.474116 0.475241 0.474691
1100 -0.472083 0.473297 0.472704
1101 -0.470561 0.471841 0.471215
1102 -0.469707 0.471024 0.470380
1103 -0.469369 0.470701 0.470050
1104 -0.469202 0.470541 0.469886
1105 -0.468753 0.470111 0.469447
1106 -0.468017 0.469408 0.468728
1107 -0.467512 0.468924 0.468234
1108 -0.467046 0.468479 0.467778
1109 -0.466627 0.468078 0.467369
1110 -0.467116 0.468545 0.467846
1111 -0.468375 0.469750 0.469078
1112 -0.469815 0.471127 0.470486
1113 -0.471297 0.472545 0.471935
1114 -0.472405 0.473605 0.473018
1115 -0.473652 0.474798 0.474238
1116 -0.474733 0.475832 0.475295
1117 -0.474934 0.476024 0.475491
1118 -0.475302 0.476375 0.475850
1119 -0.476516 0.477537 0.477037
1120 -0.478840 0.479760 0.479310
1121 -0.480693 0.481532 0.481122
1122 -0.481637 0.482435 0.482045
1123 -0.482308 0.483077 0.482701
1124 -0.482777 0.483526 0.483159
1125 -0.483322 0.484047 0.483692
1126 -0.484217 0.484903 0.484568
1127 -0.485395 0.486030 0.485719
1128 -0.486268 0.486865 0.486573
1129 -0.486523 0.487109 0.486823
1130 -0.486729 0.487306 0.487024
1131 -0.486777 0.487351 0.487070
1132 -0.486757 0.487333 0.487051
1133 -0.486902 0.487471 0.487193
1134 -0.488035 0.488555 0.488300
1135 -0.489558 0.490012 0.489790
1136 -0.490740 0.491142 0.490946
1137 -0.491697 0.492058 0.491881
1138 -0.492049 0.492395 0.492226
1139 -0.491910 0.492262 0.492090
1140 -0.491715 0.492075 0.491899
1141 -0.491480 0.491850 0.491669
1142 -0.491338 0.491715 0.491531
1143 -0.491531 0.491899 0.491719
1144 -0.492579 0.492902 0.492744
1145 -0.493935 0.494198 0.494070
1146 -0.494777 0.495004 0.494893
1147 -0.494793 0.495020 0.494909
1148 -0.494164 0.494417 0.494293
1149 -0.493837 0.494105 0.493974
1150 -0.494191 0.494444 0.494320
1151 -0.494571 0.494807 0.494692
1152 -0.494884 0.495106 0.494998
1153 -0.495313 0.495516 0.495417
1154 -0.495774 0.495958 0.495868
1155 -0.496284 0.496446 0.496367
1156 -0.496894 0.497029 0.496963
1157 -0.496775 0.496915 0.496847
1158 -0.495771 0.495955 0.495865
1159 -0.495080 0.495294 0.495189
1160 -0.495220 0.495428 0.495326
1161 -0.495806 0.495988 0.495899
1162 -0.496317 0.496477 0.496398
1163 -0.496498 0.496650 0.496576
1164 -0.496869 0.497005 0.496939
1165 -0.497505 0.497613 0.497560
1166 -0.497566 0.497672 0.497620
1167 -0.497334 0.497450 0.497393
1168 -0.497353 0.497468 0.497411
1169 -0.497368 0.497482 0.497426
1170 -0.497423 0.497535 0.497481
1171 -0.497737 0.497835 0.497787
1172 -0.497892 0.497983 0.497938
1173 -0.497663 0.497765 0.497715
1174 -0.497381 0.497495 0.497439
1175 -0.496966 0.497098 0.497033
1176 -0.496871 0.497007 0.496941
1177 -0.497037 0.497165 0.497102
1178 -0.497417 0.497529 0.497474
1179 -0.497693 0.497794 0.497745
1180 -0.497687 0.497788 0.497739
1181 -0.497713 0.497813 0.497764
1182 -0.497921 0.498012 0.497967
1183 -0.498137 0.498218 0.498179
1184 -0.498356 0.498428 0.498393
1185 -0.498239 0.498316 0.498278
1186 -0.498105 0.498187 0.498147
1187 -0.498110 0.498192 0.498152
1188 -0.498267 0.498342 0.498305
1189 -0.498531 0.498595 0.498564
1190 -0.498639 0.498699 0.498670
1191 -0.498506 0.498571 0.498539
1192 -0.498146 0.498227 0.498188
1193 -0.497849 0.497943 0.497897
1194 -0.497804 0.497900 0.497853
1195 -0.497735 0.497833 0.497785
1196 -0.497672 0.497773 0.497724
1197 -0.498021 0.498107 0.498065
1198 -0.498355 0.498427 0.498392
1199 -0.498364 0.498436 0.498401
1200 -0.498418 0.498487 0.498453
1201 -0.498394 0.498464 0.498430
1202 -0.498197 0.498275 0.498237
1203 -0.498001 0.498088 0.498046
1204 -0.497953 0.498042 0.497998
1205 -0.498007 0.498094 0.498051
1206 -0.498147 0.498227 0.498188
1207 -0.498369 0.498439 0.498405
1208 -0.498478 0.498545 0.498512
1209 -0.498432 0.498500 0.498467
1210 -0.498360 0.498432 0.498397
1211 -0.498288 0.498363 0.498326
1212 -0.498117 0.498199 0.498159
1213 -0.498184 0.498263 0.498224
1214 -0.498304 0.498378 0.498342
1215 -0.498302 0.498376 0.498340
1216 -0.498164 0.498244 0.498205
1217 -0.497988 0.498075 0.498033
1218 -0.497906 0.497997 0.497953
1219 -0.498112 0.498194 0.498154
1220 -0.498306 0.498380 0.498344
1221 -0.498401 0.498470 0.498436
1222 -0.498632 0.498691 0.498662
1223 -0.498851 0.498901 0.498876
1224 -0.498955 0.499000 0.498978
1225 -0.498875 0.498924 0.498900
1226 -0.498636 0.498696 0.498667
1227 -0.498215 0.498293 0.498255
1228 -0.497688 0.497789 0.497740
1229 -0.497352 0.497467 0.497411
1230 -0.497452 0.497563 0.497508
1231 -0.498023 0.498109 0.498067
1232 -0.498637 0.498696 0.498667
1233 -0.498941 0.498987 0.498965
1234 -0.499047 0.499089 0.499068
1235 -0.499137 0.499175 0.499156
1236 -0.499149 0.499186 0.499168
1237 -0.498989 0.499033 0.499011
1238 -0.498626 0.498686 0.498656
1239 -0.498133 0.498214 0.498174
1240 -0.497769 0.497866 0.497818
1241 -0.497881 0.497973 0.497928
1242 -0.498314 0.498388 0.498352
1243 -0.498698 0.498754 0.498727
1244 -0.498979 0.499024 0.499002
1245 -0.499039 0.499081 0.499060
1246 -0.498870 0.498919 0.498895
1247 -0.498530 0.498594 0.498562
1248 -0.498071 0.498155 0.498114
1249 -0.497742 0.497840 0.497792
1250 -0.497976 0.498064 0.498021
1251 -0.498572 0.498634 0.498603
1252 -0.499142 0.499179 0.499161
1253 -0.499565 0.499584 0.499575
1254 -0.499638 0.499654 0.499646
1255 -0.499504 0.499526 0.499515
1256 -0.499365 0.499393 0.499379
1257 -0.499192 0.499227 0.499210
1258 -0.498928 0.498975 0.498952
1259 -0.498722 0.498778 0.498750
1260 -0.498835 0.498885 0.498861
1261 -0.499278 0.499309 0.499294
1262 -0.499756 0.499766 0.499761
1263 -0.499942 0.499944 0.499943
1264 -0.499816 0.499824 0.499820
1265 -0.499702 0.499715 0.499708
1266 -0.499769 0.499779 0.499775
1267 -0.499911 0.499915 0.499913
1268 -0.500142 0.500136 0.500139
1269 -0.500273 0.500261 0.500267
1270 -0.500618 0.500591 0.500604
1271 -0.501121 0.501072 0.501096
1272 -0.501389 0.501329 0.501359
1273 -0.501391 0.501330 0.501360
1274 -0.501349 0.501290 0.501319
1275 -0.501438 0.501375 0.501406
1276 -0.501657 0.501585 0.501620
1277 -0.501927 0.501843 0.501884
1278 -0.502272 0.502173 0.502222
1279 -0.502673 0.502556 0.502613
1280 -0.503050 0.502917 0.502982
1281 -0.503329 0.503184 0.503255
1282 -0.503529 0.503376 0.503451
1283 -0.503610 0.503453 0.503529
1284 -0.503603 0.503447 0.503523
1285 -0.503692 0.503532 0.503610
1286 -0.503982 0.503809 0.503893
1287 -0.504480 0.504286 0.504381
1288 -0.505072 0.504852 0.504960
1289 -0.505561 0.505319 0.505437
1290 -0.505939 0.505681 0.505807
1291 -0.506342 0.506066 0.506201
1292 -0.506881 0.506582 0.506728
1293 -0.507478 0.507153 0.507312
1294 -0.507953 0.507608 0.507777
1295 -0.508377 0.508013 0.508191
1296 -0.508994 0.508602 0.508794
1297 -0.509848 0.509420 0.509629
1298 -0.510659 0.510195 0.510422
1299 -0.511227 0.510739 0.510977
1300 -0.511707 0.511198 0.511447
1301 -0.512475 0.511933 0.512198
1302 -0.513476 0.512890 0.513177
1303 -0.514377 0.513752 0.514057
1304 -0.515248 0.514585 0.514909
1305 -0.516093 0.515393 0.515735
1306 -0.516753 0.516025 0.516381
1307 -0.517248 0.516498 0.516865
1308 -0.517777 0.517004 0.517382
1309 -0.518422 0.517621 0.518013
1310 -0.519259 0.518422 0.518831
1311 -0.520263 0.519382 0.519813
1312 -0.520974 0.520062 0.520507
1313 -0.521282 0.520356 0.520809
1314 -0.521264 0.520339 0.520791
1315 -0.521017 0.520103 0.520550
1316 -0.520634 0.519737 0.520176
1317 -0.520180 0.519303 0.519731
1318 -0.519689 0.518833 0.519252
1319 -0.519163 0.518330 0.518738
1320 -0.518619 0.517809 0.518205
1321 -0.518040 0.517256 0.517639
1322 -0.517395 0.516639 0.517009
1323 -0.516669 0.515944 0.516299
1324 -0.515888 0.515198 0.515535
1325 -0.515105 0.514449 0.514770
1326 -0.514306 0.513684 0.513988
1327 -0.513495 0.512908 0.513195
1328 -0.512693 0.512141 0.512411
1329 -0.511935 0.511417 0.511670
1330 -0.511228 0.510739 0.510978
1331 -0.510542 0.510083 0.510308
1332 -0.509865 0.509436 0.509646
1333 -0.509209 0.508809 0.509005
1334 -0.508589 0.508215 0.508398
1335 -0.508020 0.507671 0.507841
1336 -0.507507 0.507180 0.507340
1337 -0.507036 0.506730 0.506879
1338 -0.506591 0.506305 0.506445
1339 -0.506166 0.505898 0.506029
1340 -0.505766 0.505515 0.505638
1341 -0.505388 0.505154 0.505268
1342 -0.505039 0.504820 0.504927
1343 -0.504715 0.504510 0.504610
1344 -0.504413 0.504221 0.504315
1345 -0.504130 0.503950 0.504038
1346 -0.503865 0.503697 0.503779
1347 -0.503615 0.503458 0.503535
1348 -0.503380 0.503233 0.503305
1349 -0.503158 0.503021 0.503088
1350 -0.502954 0.502826 0.502889
1351 -0.502758 0.502638 0.502697
1352 -0.502577 0.502465 0.502519
1353 -0.502403 0.502299 0.502350
1354 -0.502241 0.502143 0.502191
1355 -0.502086 0.501995 0.502040
1356 -0.501937 0.501853 0.501894
1357 -0.501798 0.501719 0.501758
1358 -0.501667 0.501595 0.501630
1359 -0.501548 0.501480 0.501513
1360 -0.501431 0.501369 0.501400
1361 -0.501321 0.501264 0.501292
1362 -0.501216 0.501163 0.501189
1363 -0.501115 0.501066 0.501090
1364 -0.501023 0.500978 0.501000
1365 -0.500931 0.500891 0.500911
1366 -0.500845 0.500808 0.500826
1367 -0.500770 0.500737 0.500753
1368 -0.500699 0.500669 0.500684
1369 -0.500633 0.500606 0.500619
1370 -0.500570 0.500545 0.500557
1371 -0.500511 0.500489 0.500500
1372 -0.500457 0.500437 0.500447
1373 -0.500404 0.500387 0.500395
1374 -0.500355 0.500340 0.500347
1375 -0.500308 0.500295 0.500301
1376 -0.500269 0.500257 0.500263
1377 -0.500229 0.500220 0.500224
1378 -0.500193 0.500184 0.500188
1379 -0.500159 0.500152 0.500155
1380 -0.500128 0.500122 0.500125
1381 -0.500097 0.500093 0.500095
1382 -0.500069 0.500067 0.500068
1383 -0.500044 0.500042 0.500043
1384 -0.500022 0.500021 0.500021
1385 -0.500000 0.500000 0.500000
1386 -0.499982 0.499983 0.499982
1387 -0.499967 0.499968 0.499967
1388 -0.499956 0.499958 0.499957
1389 -0.499950 0.499953 0.499952
1390 -0.499948 0.499951 0.499949
1391 -0.499951 0.499953 0.499952
1392 -0.499954 0.499956 0.499955
1393 -0.499956 0.499958 0.499957
1394 -0.499959 0.499960 0.499960
1395 -0.499961 0.499962 0.499961
1396 -0.499962 0.499964 0.499963
1397 -0.499963 0.499964 0.499964
1398 -0.499963 0.499965 0.499964
1399 -0.499962 0.499964 0.499963
1400 -0.499960 0.499962 0.499961
1401 -0.499957 0.499959 0.499958
1402 -0.499954 0.499956 0.499955
1403 -0.499950 0.499952 0.499951
1404 -0.499948 0.499950 0.499949
1405 -0.499949 0.499951 0.499950
1406 -0.499955 0.499957 0.499956
1407 -0.499966 0.499967 0.499967
1408 -0.499980 0.499981 0.499981
1409 -0.499991 0.499991 0.499991
1410 -0.499994 0.499995 0.499995
1411 -0.499993 0.499994 0.499994
1412 -0.499991 0.499991 0.499991
1413 -0.499988 0.499989 0.499988
1414 -0.499985 0.499986 0.499986
1415 -0.499983 0.499984 0.499983
1416 -0.499981 0.499982 0.499982
1417 -0.499980 0.499981 0.499981
1418 -0.499981 0.499981 0.499981
1419 -0.499981 0.499981 0.499981
1420 -0.499979 0.499980 0.499979
1421 -0.499972 0.499974 0.499973
1422 -0.499962 0.499963 0.499963
1423 -0.499947 0.499950 0.499948
1424 -0.499935 0.499938 0.499937
1425 -0.499939 0.499942 0.499940
1426 -0.499969 0.499971 0.499970
1427 -0.500000 0.500000 0.500000
1428 -0.500005 0.500005 0.500005
1429 -0.499993 0.499993 0.499993
1430 -0.499973 0.499974 0.499974
1431 -0.499953 0.499955 0.499954
1432 -0.499933 0.499936 0.499935
1433 -0.499915 0.499919 0.499917
1434 -0.499898 0.499902 0.499900
1435 -0.499885 0.499890 0.499887
1436 -0.499876 0.499881 0.499879
1437 -0.499869 0.499874 0.499872
1438 -0.499854 0.499860 0.499857
1439 -0.499831 0.499838 0.499835
1440 -0.499800 0.499808 0.499804
1441 -0.499763 0.499773 0.499768
1442 -0.499720 0.499732 0.499726
1443 -0.499673 0.499687 0.499680
1444 -0.499624 0.499641 0.499633
1445 -0.499573 0.499592 0.499583
1446 -0.499526 0.499547 0.499537
1447 -0.499482 0.499505 0.499494
1448 -0.499439 0.499463 0.499451
1449 -0.499390 0.499417 0.499404
1450 -0.499328 0.499358 0.499343
1451 -0.499255 0.499287 0.499271
1452 -0.499176 0.499212 0.499194
1453 -0.499089 0.499129 0.499110
1454 -0.498998 0.499041 0.499020
1455 -0.498907 0.498955 0.498931
1456 -0.498811 0.498863 0.498837
1457 -0.498716 0.498772 0.498745
1458 -0.498613 0.498673 0.498644
1459 -0.498502 0.498567 0.498535
1460 -0.498384 0.498454 0.498420
1461 -0.498253 0.498329 0.498291
1462 -0.498120 0.498202 0.498162
1463 -0.497979 0.498067 0.498024
1464 -0.497829 0.497924 0.497878
1465 -0.497671 0.497773 0.497723
1466 -0.497511 0.497620 0.497567
1467 -0.497337 0.497453 0.497396
1468 -0.497147 0.497271 0.497210
1469 -0.496948 0.497081 0.497016
1470 -0.496734 0.496876 0.496807
1471 -0.496507 0.496659 0.496585
1472 -0.496267 0.496430 0.496350
1473 -0.496010 0.496184 0.496099
1474 -0.495738 0.495923 0.495832
1475 -0.495449 0.495647 0.495550
1476 -0.495140 0.495351 0.495248
1477 -0.494810 0.495035 0.494925
1478 -0.494450 0.494692 0.494574
1479 -0.494064 0.494323 0.494196
1480 -0.493651 0.493927 0.493792
1481 -0.493208 0.493503 0.493358
1482 -0.492732 0.493048 0.492894
1483 -0.492231 0.492569 0.492403
1484 -0.491687 0.492049 0.491872
1485 -0.491096 0.491483 0.491294
1486 -0.490449 0.490864 0.490661
1487 -0.489739 0.490185 0.489967
1488 -0.488951 0.489431 0.489196
1489 -0.488061 0.488580 0.488326
1490 -0.487133 0.487692 0.487419
1491 -0.486342 0.486936 0.486645
1492 -0.485506 0.486136 0.485828
1493 -0.484368 0.485047 0.484715
1494 -0.483181 0.483912 0.483555
1495 -0.482157 0.482932 0.482553
1496 -0.481034 0.481858 0.481455
1497 -0.479963 0.480834 0.480408
1498 -0.479021 0.479934 0.479488
1499 -0.478213 0.479160 0.478697
1500 -0.477518 0.478496 0.478018
1501 -0.476752 0.477763 0.477269
1502 -0.475709 0.476765 0.476249
1503 -0.474591 0.475696 0.475156
1504 -0.473651 0.474796 0.474236
1505 -0.472716 0.473902 0.473322
1506 -0.472222 0.473430 0.472840
1507 -0.472023 0.473240 0.472645
1508 -0.471857 0.473080 0.472482
1509 -0.471643 0.472876 0.472273
1510 -0.471753 0.472981 0.472381
1511 -0.472269 0.473475 0.472885
1512 -0.473522 0.474673 0.474110
1513 -0.474491 0.475600 0.475058
1514 -0.474383 0.475497 0.474952
1515 -0.473654 0.474799 0.474239
1516 -0.473154 0.474321 0.473750
1517 -0.473372 0.474530 0.473964
1518 -0.474186 0.475309 0.474760
1519 -0.475219 0.476296 0.475770
1520 -0.476081 0.477121 0.476613
1521 -0.477479 0.478458 0.477979
1522 -0.480078 0.480944 0.480520
1523 -0.482727 0.483478 0.483110
1524 -0.484485 0.485159 0.484830
1525 -0.485649 0.486273 0.485968
1526 -0.486428 0.487018 0.486730
1527 -0.486789 0.487363 0.487083
1528 -0.486665 0.487245 0.486962
1529 -0.487098 0.487659 0.487385
1530 -0.488170 0.488685 0.488433
1531 -0.489244 0.489711 0.489483
1532 -0.489969 0.490405 0.490192
1533 -0.490236 0.490660 0.490453
1534 -0.490104 0.490534 0.490324
1535 -0.490165 0.490592 0.490383
1536 -0.490635 0.491042 0.490843
1537 -0.490896 0.491292 0.491098
1538 -0.491307 0.491685 0.491500
1539 -0.492142 0.492483 0.492316
1540 -0.492895 0.493204 0.493053
1541 -0.493552 0.493832 0.493695
1542 -0.493812 0.494081 0.493950
1543 -0.493870 0.494136 0.494006
1544 -0.493767 0.494038 0.493906
1545 -0.493604 0.493882 0.493746
1546 -0.493567 0.493847 0.493710
1547 -0.493716 0.493989 0.493856
1548 -0.493947 0.494210 0.494082
1549 -0.494436 0.494678 0.494560
1550 -0.495273 0.495478 0.495378
1551 -0.496163 0.496330 0.496248
1552 -0.496749 0.496890 0.496821
1553 -0.496859 0.496996 0.496929
1554 -0.496596 0.496744 0.496672
1555 -0.496293 0.496454 0.496375
1556 -0.496369 0.496527 0.496450
1557 -0.496418 0.496574 0.496498
1558 -0.496315 0.496476 0.496397
1559 -0.496188 0.496353 0.496272
1560 -0.495848 0.496029 0.495940
1561 -0.495779 0.495962 0.495872
1562 -0.496180 0.496346 0.496265
1563 -0.497034 0.497163 0.497099
1564 -0.497929 0.498019 0.497975
1565 -0.498399 0.498469 0.498435
1566 -0.498552 0.498615 0.498585
1567 -0.498528 0.498592 0.498561
1568 -0.498289 0.498363 0.498327
1569 -0.497817 0.497912 0.497865
1570 -0.497295 0.497413 0.497355
1571 -0.497045 0.497173 0.497110
1572 -0.497431 0.497542 0.497488
1573 -0.498028 0.498114 0.498072
1574 -0.498364 0.498435 0.498400
1575 -0.498442 0.498510 0.498477
1576 -0.498415 0.498484 0.498450
1577 -0.498493 0.498558 0.498526
1578 -0.498596 0.498657 0.498627
1579 -0.498657 0.498716 0.498687
1580 -0.498678 0.498735 0.498707
1581 -0.498599 0.498660 0.498631
1582 -0.498481 0.498547 0.498515
1583 -0.498470 0.498536 0.498504
1584 -0.498498 0.498563 0.498531
1585 -0.498497 0.498562 0.498530
1586 -0.498520 0.498585 0.498553
1587 -0.498700 0.498756 0.498729
1588 -0.499042 0.499084 0.499063
1589 -0.499129 0.499167 0.499148
1590 -0.498929 0.498975 0.498953
1591 -0.498795 0.498848 0.498822
1592 -0.498697 0.498754 0.498726
1593 -0.498530 0.498594 0.498562
1594 -0.498335 0.498408 0.498372
1595 -0.498286 0.498361 0.498325
1596 -0.498373 0.498444 0.498409
1597 -0.498572 0.498634 0.498604
1598 -0.498914 0.498962 0.498938
1599 -0.499210 0.499244 0.499228
1600 -0.499236 0.499269 0.499253
1601 -0.498985 0.499029 0.499007
1602 -0.498599 0.498660 0.498631
1603 -0.498197 0.498276 0.498237
1604 -0.497967 0.498055 0.498012
1605 -0.498167 0.498247 0.498208
1606 -0.498516 0.498581 0.498549
1607 -0.498895 0.498943 0.498919
1608 -0.499145 0.499182 0.499164
1609 -0.499181 0.499217 0.499199
1610 -0.499098 0.499137 0.499118
1611 -0.498950 0.498996 0.498973
1612 -0.498736 0.498791 0.498764
1613 -0.498467 0.498534 0.498501
1614 -0.498342 0.498414 0.498379
1615 -0.498390 0.498460 0.498426
1616 -0.498480 0.498546 0.498514
1617 -0.498649 0.498708 0.498679
1618 -0.498867 0.498916 0.498892
1619 -0.499083 0.499123 0.499103
1620 -0.499272 0.499304 0.499288
1621 -0.499334 0.499363 0.499348
1622 -0.499181 0.499217 0.499199
1623 -0.498935 0.498982 0.498959
1624 -0.498849 0.498899 0.498874
1625 -0.498892 0.498940 0.498917
1626 -0.498925 0.498971 0.498948
1627 -0.498916 0.498963 0.498940
1628 -0.498840 0.498890 0.498866
1629 -0.498694 0.498751 0.498723
1630 -0.498507 0.498572 0.498540
1631 -0.498332 0.498405 0.498369
1632 -0.498273 0.498348 0.498312
1633 -0.498488 0.498554 0.498521
1634 -0.498797 0.498849 0.498823
1635 -0.499048 0.499089 0.499069
1636 -0.499220 0.499254 0.499237
1637 -0.499301 0.499332 0.499317
1638 -0.499249 0.499281 0.499266
1639 -0.499147 0.499184 0.499166
1640 -0.499115 0.499153 0.499135
1641 -0.499150 0.499187 0.499169
1642 -0.499182 0.499217 0.499200
1643 -0.499089 0.499128 0.499109
1644 -0.498865 0.498915 0.498890
1645 -0.498609 0.498669 0.498640
1646 -0.498458 0.498526 0.498493
1647 -0.498566 0.498628 0.498598
1648 -0.498798 0.498851 0.498825
1649 -0.498915 0.498962 0.498939
1650 -0.498964 0.499009 0.498987
1651 -0.499100 0.499139 0.499120
1652 -0.499261 0.499293 0.499277
1653 -0.499225 0.499258 0.499242
1654 -0.499161 0.499198 0.499180
1655 -0.499299 0.499329 0.499315
1656 -0.499399 0.499425 0.499412
1657 -0.499440 0.499464 0.499452
1658 -0.499353 0.499382 0.499368
1659 -0.499310 0.499340 0.499326
1660 -0.499522 0.499542 0.499532
1661 -0.499912 0.499916 0.499914
1662 -0.500239 0.500229 0.500234
1663 -0.500344 0.500329 0.500337
1664 -0.500269 0.500257 0.500263
1665 -0.500201 0.500192 0.500197
1666 -0.500264 0.500252 0.500258
1667 -0.500358 0.500343 0.500350
1668 -0.500359 0.500343 0.500351
1669 -0.500251 0.500240 0.500246
1670 -0.500338 0.500323 0.500330
1671 -0.500728 0.500697 0.500712
1672 -0.501112 0.501064 0.501087
1673 -0.501233 0.501179 0.501205
1674 -0.501353 0.501294 0.501323
1675 -0.501437 0.501375 0.501405
1676 -0.501596 0.501527 0.501561
1677 -0.501804 0.501726 0.501764
1678 -0.502046 0.501957 0.502001
1679 -0.502349 0.502247 0.502297
1680 -0.502619 0.502505 0.502560
1681 -0.502921 0.502794 0.502856
1682 -0.503318 0.503173 0.503244
1683 -0.503702 0.503541 0.503619
1684 -0.503969 0.503796 0.503880
1685 -0.504136 0.503956 0.504044
1686 -0.504279 0.504093 0.504184
1687 -0.504497 0.504302 0.504397
1688 -0.504837 0.504627 0.504730
1689 -0.505267 0.505038 0.505150
1690 -0.505775 0.505524 0.505646
1691 -0.506315 0.506040 0.506174
1692 -0.506927 0.506625 0.506773
1693 -0.507503 0.507177 0.507337
1694 -0.507902 0.507558 0.507726
1695 -0.508200 0.507843 0.508017
1696 -0.508596 0.508222 0.508405
1697 -0.509148 0.508750 0.508945
1698 -0.509798 0.509372 0.509580
1699 -0.510495 0.510039 0.510262
1700 -0.511309 0.510817 0.511058
1701 -0.512237 0.511705 0.511965
1702 -0.513148 0.512576 0.512855
1703 -0.513947 0.513340 0.513637
1704 -0.514607 0.513972 0.514283
1705 -0.515228 0.514566 0.514889
1706 -0.515975 0.515280 0.515620
1707 -0.516626 0.515903 0.516257
1708 -0.517179 0.516432 0.516797
1709 -0.517766 0.516993 0.517371
1710 -0.518408 0.517607 0.517999
1711 -0.519084 0.518254 0.518660
1712 -0.519715 0.518858 0.519277
1713 -0.520156 0.519279 0.519708
1714 -0.520306 0.519423 0.519854
1715 -0.520185 0.519307 0.519736
1716 -0.520086 0.519212 0.519639
1717 -0.519992 0.519123 0.519548
1718 -0.519762 0.518902 0.519323
1719 -0.519370 0.518528 0.518939
1720 -0.518867 0.518046 0.518447
1721 -0.518324 0.517528 0.517917
1722 -0.517758 0.516986 0.517363
1723 -0.517177 0.516430 0.516795
1724 -0.516554 0.515834 0.516186
1725 -0.515843 0.515154 0.515491
1726 -0.515061 0.514406 0.514726
1727 -0.514258 0.513638 0.513942
1728 -0.513484 0.512898 0.513185
1729 -0.512755 0.512201 0.512472
1730 -0.512056 0.511532 0.511788
1731 -0.511356 0.510862 0.511104
1732 -0.510673 0.510209 0.510436
1733 -0.510027 0.509591 0.509804
1734 -0.509406 0.508997 0.509197
1735 -0.508799 0.508417 0.508604
1736 -0.508220 0.507863 0.508038
1737 -0.507676 0.507342 0.507505
1738 -0.507164 0.506852 0.507004
1739 -0.506684 0.506393 0.506535
1740 -0.506240 0.505969 0.506101
1741 -0.505834 0.505580 0.505704
1742 -0.505477 0.505239 0.505355
1743 -0.505147 0.504923 0.505033
1744 -0.504828 0.504618 0.504721
1745 -0.504522 0.504325 0.504421
1746 -0.504228 0.504044 0.504134
1747 -0.503954 0.503782 0.503866
1748 -0.503694 0.503533 0.503612
1749 -0.503456 0.503305 0.503379
1750 -0.503230 0.503090 0.503158
1751 -0.503016 0.502885 0.502949
1752 -0.502815 0.502693 0.502753
1753 -0.502629 0.502515 0.502571
1754 -0.502451 0.502344 0.502396
1755 -0.502284 0.502185 0.502233
1756 -0.502124 0.502032 0.502077
1757 -0.501973 0.501888 0.501930
1758 -0.501833 0.501753 0.501792
1759 -0.501698 0.501624 0.501660
1760 -0.501574 0.501505 0.501539
1761 -0.501457 0.501394 0.501425
1762 -0.501346 0.501288 0.501317
1763 -0.501244 0.501190 0.501216
1764 -0.501144 0.501094 0.501119
1765 -0.501051 0.501005 0.501027
1766 -0.500961 0.500919 0.500940
1767 -0.500880 0.500841 0.500860
1768 -0.500805 0.500770 0.500787
1769 -0.500732 0.500700 0.500716
1770 -0.500663 0.500634 0.500648
1771 -0.500596 0.500570 0.500583
1772 -0.500533 0.500510 0.500521
1773 -0.500475 0.500454 0.500464
1774 -0.500417 0.500399 0.500408
1775 -0.500361 0.500346 0.500353
1776 -0.500313 0.500299 0.500306
1777 -0.500267 0.500255 0.500261
1778 -0.500223 0.500214 0.500218
1779 -0.500185 0.500177 0.500181
1780 -0.500149 0.500143 0.500146
1781 -0.500114 0.500109 0.500112
1782 -0.500081 0.500077 0.500079
1783 -0.500055 0.500053 0.500054
1784 -0.500032 0.500030 0.500031
1785 -0.500014 0.500014 0.500014
1786 -0.500000 0.500000 0.500000
1787 -0.499993 0.499993 0.499993
1788 -0.499989 0.499989 0.499989
1789 -0.499983 0.499984 0.499984
1790 -0.499979 0.499980 0.499980
1791 -0.499977 0.499978 0.499978
1792 -0.499975 0.499976 0.499975
1793 -0.499975 0.499976 0.499976
1794 -0.499975 0.499976 0.499975
1795 -0.499974 0.499975 0.499975
1796 -0.499971 0.499973 0.499972
1797 -0.499967 0.499969 0.499968
1798 -0.499961 0.499963 0.499962
1799 -0.499956 0.499958 0.499957
1800 -0.499951 0.499954 0.499953
1801 -0.499949 0.499951 0.499950
1802 -0.499949 0.499951 0.499950
1803 -0.499953 0.499955 0.499954
1804 -0.499963 0.499965 0.499964
1805 -0.499978 0.499979 0.499978
1806 -0.499990 0.499990 0.499990
1807 -0.499995 0.499995 0.499995
1808 -0.499995 0.499995 0.499995
1809 -0.499992 0.499993 0.499993
1810 -0.499990 0.499991 0.499990
1811 -0.499988 0.499988 0.499988
1812 -0.499985 0.499986 0.499986
1813 -0.499982 0.499983 0.499983
1814 -0.499979 0.499980 0.499980
1815 -0.499977 0.499978 0.499978
1816 -0.499977 0.499978 0.499978
1817 -0.499978 0.499979 0.499979
1818 -0.499979 0.499979 0.499979
1819 -0.499975 0.499976 0.499975
1820 -0.499968 0.499969 0.499968
1821 -0.499959 0.499961 0.499960
1822 -0.499956 0.499958 0.499957
1823 -0.499968 0.499969 0.499968
1824 -0.499991 0.499992 0.499991
1825 -0.500007 0.500006 0.500007
1826 -0.500005 0.500005 0.500005
1827 -0.499993 0.499994 0.499993
1828 -0.499979 0.499980 0.499979
1829 -0.499964 0.499965 0.499964
1830 -0.499950 0.499952 0.499951
1831 -0.499938 0.499941 0.499939
1832 -0.499928 0.499931 0.499930
1833 -0.499920 0.499923 0.499922
1834 -0.499912 0.499916 0.499914
1835 -0.499908 0.499912 0.499910
1836 -0.499904 0.499908 0.499906
1837 -0.499891 0.499896 0.499894
1838 -0.499869 0.499875 0.499872
1839 -0.499841 0.499848 0.499845
1840 -0.499810 0.499818 0.499814
1841 -0.499775 0.499784 0.499780
1842 -0.499736 0.499747 0.499742
1843 -0.499697 0.499711 0.499704
1844 -0.499658 0.499673 0.499666
1845 -0.499617 0.499634 0.499626
1846 -0.499575 0.499594 0.499584
1847 -0.499531 0.499551 0.499541
1848 -0.499486 0.499508 0.499497
1849 -0.499432 0.499456 0.499444
1850 -0.499366 0.499394 0.499380
1851 -0.499295 0.499326 0.499311
1852 -0.499223 0.499257 0.499240
1853 -0.499151 0.499188 0.499170
1854 -0.499072 0.499112 0.499093
1855 -0.498990 0.499034 0.499012
1856 -0.498899 0.498947 0.498924
1857 -0.498804 0.498856 0.498830
1858 -0.498699 0.498756 0.498728
1859 -0.498589 0.498651 0.498621
1860 -0.498468 0.498535 0.498502
1861 -0.498346 0.498418 0.498383
1862 -0.498221 0.498298 0.498260
1863 -0.498092 0.498175 0.498134
1864 -0.497956 0.498045 0.498002
1865 -0.497814 0.497909 0.497863
1866 -0.497658 0.497760 0.497710
1867 -0.497486 0.497595 0.497542
1868 -0.497304 0.497421 0.497363
1869 -0.497104 0.497230 0.497169
1870 -0.496899 0.497034 0.496968
1871 -0.496681 0.496825 0.496755
1872 -0.496450 0.496604 0.496529
1873 -0.496208 0.496372 0.496292
1874 -0.495956 0.496131 0.496045
1875 -0.495680 0.495868 0.495776
1876 -0.495385 0.495585 0.495487
1877 -0.495066 0.495280 0.495175
1878 -0.494720 0.494950 0.494838
1879 -0.494350 0.494596 0.494476
1880 -0.493959 0.494221 0.494093
1881 -0.493545 0.493825 0.493688
1882 -0.493107 0.493407 0.493260
1883 -0.492643 0.492962 0.492806
1884 -0.492138 0.492479 0.492312
1885 -0.491582 0.491948 0.491769
1886 -0.490987 0.491379 0.491188
1887 -0.490355 0.490774 0.490569
1888 -0.489700 0.490148 0.489929
1889 -0.489014 0.489492 0.489258
1890 -0.488273 0.488782 0.488533
1891 -0.487493 0.488037 0.487771
1892 -0.486765 0.487341 0.487059
1893 -0.486061 0.486667 0.486371
1894 -0.485232 0.485874 0.485560
1895 -0.484250 0.484935 0.484600
1896 -0.483096 0.483831 0.483471
1897 -0.481716 0.482511 0.482122
1898 -0.480153 0.481016 0.480594
1899 -0.479037 0.479949 0.479503
1900 -0.478535 0.479468 0.479012
1901 -0.478037 0.478992 0.478525
1902 -0.477319 0.478305 0.477823
1903 -0.476507 0.477529 0.477029
1904 -0.475921 0.476968 0.476456
1905 -0.475421 0.476490 0.475968
1906 -0.474758 0.475856 0.475319
1907 -0.473736 0.474878 0.474319
1908 -0.472976 0.474151 0.473577
1909 -0.472975 0.474150 0.473575
1910 -0.473293 0.474455 0.473887
1911 -0.473563 0.474712 0.474150
1912 -0.473458 0.474612 0.474047
1913 -0.473217 0.474381 0.473812
1914 -0.473541 0.474691 0.474129
1915 -0.474469 0.475579 0.475037
1916 -0.475490 0.476555 0.476034
1917 -0.476650 0.477666 0.477169
1918 -0.477527 0.478505 0.478027
1919 -0.478354 0.479295 0.478835
1920 -0.479526 0.480416 0.479981
1921 -0.480549 0.481395 0.480981
1922 -0.481628 0.482426 0.482036
1923 -0.482471 0.483233 0.482861
1924 -0.482745 0.483495 0.483128
1925 -0.483365 0.484088 0.483734
1926 -0.484175 0.484863 0.484527
1927 -0.485109 0.485757 0.485440
1928 -0.485909 0.486521 0.486222
1929 -0.486518 0.487104 0.486818
1930 -0.487061 0.487624 0.487349
1931 -0.487779 0.488311 0.488051
1932 -0.488739 0.489228 0.488989
1933 -0.489807 0.490250 0.490033
1934 -0.490721 0.491125 0.490927
1935 -0.491305 0.491683 0.491499
1936 -0.491547 0.491914 0.491735
1937 -0.491618 0.491982 0.491804
1938 -0.491869 0.492223 0.492050
1939 -0.492000 0.492348 0.492178
1940 -0.492310 0.492645 0.492481
1941 -0.492898 0.493207 0.493056
1942 -0.493419 0.493705 0.493566
1943 -0.493907 0.494172 0.494042
1944 -0.494525 0.494763 0.494646
1945 -0.495073 0.495287 0.495182
1946 -0.495352 0.495554 0.495456
1947 -0.495264 0.495470 0.495369
1948 -0.494901 0.495123 0.495014
1949 -0.494558 0.494795 0.494679
1950 -0.494478 0.494718 0.494601
1951 -0.494875 0.495098 0.494989
1952 -0.495610 0.495801 0.495708
1953 -0.496192 0.496358 0.496277
1954 -0.496656 0.496801 0.496730
1955 -0.497176 0.497299 0.497239
1956 -0.497684 0.497784 0.497735
1957 -0.497786 0.497882 0.497835
1958 -0.497461 0.497571 0.497517
1959 -0.496980 0.497112 0.497047
1960 -0.496661 0.496806 0.496735
1961 -0.496670 0.496815 0.496744
1962 -0.496943 0.497076 0.497011
1963 -0.497352 0.497467 0.497411
1964 -0.497763 0.497860 0.497813
1965 -0.498182 0.498261 0.498223
1966 -0.498506 0.498571 0.498540
1967 -0.498553 0.498616 0.498585
1968 -0.498469 0.498536 0.498503
1969 -0.498451 0.498519 0.498486
1970 -0.498371 0.498442 0.498407
1971 -0.498133 0.498214 0.498174
1972 -0.497842 0.497936 0.497890
1973 -0.497793 0.497889 0.497842
1974 -0.498077 0.498161 0.498120
1975 -0.498103 0.498186 0.498146
1976 -0.497905 0.497996 0.497952
1977 -0.498026 0.498112 0.498070
1978 -0.498001 0.498088 0.498045
1979 -0.497874 0.497966 0.497921
1980 -0.497878 0.497971 0.497926
1981 -0.498215 0.498293 0.498255
1982 -0.498575 0.498637 0.498607
1983 -0.498877 0.498926 0.498902
1984 -0.499092 0.499131 0.499112
1985 -0.499150 0.499186 0.499168
1986 -0.499081 0.499121 0.499102
1987 -0.498857 0.498906 0.498882
1988 -0.498571 0.498633 0.498603
1989 -0.498533 0.498597 0.498566
1990 -0.498791 0.498844 0.498818
1991 -0.499139 0.499177 0.499158
1992 -0.499383 0.499410 0.499397
1993 -0.499476 0.499498 0.499487
1994 -0.499391 0.499417 0.499404
1995 -0.499127 0.499165 0.499146
1996 -0.498761 0.498815 0.498789
1997 -0.498326 0.498399 0.498363
1998 -0.497886 0.497977 0.497933
1999 -0.497837 0.497931 0.497885
2000 -0.498505 0.498570 0.498538
2001 -0.499190 0.499225 0.499208
2002 -0.499520 0.499541 0.499531
2003 -0.499499 0.499521 0.499510
2004 -0.499287 0.499318 0.499303
2005 -0.499043 0.499085 0.499064
2006 -0.498877 0.498926 0.498902
2007 -0.498841 0.498891 0.498867
2008 -0.498892 0.498940 0.498916
2009 -0.499015 0.499058 0.499037
2010 -0.499179 0.499215 0.499198
2011 -0.499326 0.499355 0.499341
2012 -0.499315 0.499344 0.499330
2013 -0.499143 0.499180 0.499162
2014 -0.498887 0.498935 0.498911
2015 -0.498569 0.498632 0.498601
2016 -0.498289 0.498364 0.498327
2017 -0.498119 0.498201 0.498161
2018 -0.498331 0.498404 0.498369
2019 -0.498731 0.498786 0.498759
2020 -0.499116 0.499155 0.499136
2021 -0.499319 0.499349 0.499334
2022 -0.499418 0.499443 0.499431
2023 -0.499411 0.499437 0.499424
2024 -0.499234 0.499268 0.499252
2025 -0.498947 0.498993 0.498970
2026 -0.498726 0.498781 0.498754
2027 -0.498666 0.498724 0.498695
2028 -0.498800 0.498852 0.498827
2029 -0.498850 0.498900 0.498876
2030 -0.498872 0.498921 0.498897
2031 -0.498912 0.498959 0.498936
2032 -0.498876 0.498925 0.498901
2033 -0.498838 0.498889 0.498864
2034 -0.498853 0.498902 0.498878
2035 -0.498819 0.498871 0.498845
2036 -0.498722 0.498778 0.498750
2037 -0.498724 0.498780 0.498753
2038 -0.498800 0.498852 0.498826
2039 -0.498931 0.498978 0.498955
2040 -0.499054 0.499095 0.499075
2041 -0.499098 0.499137 0.499118
2042 -0.499126 0.499164 0.499146
2043 -0.499223 0.499257 0.499241
2044 -0.499389 0.499415 0.499402
2045 -0.499455 0.499478 0.499467
2046 -0.499338 0.499367 0.499352
2047 -0.499155 0.499192 0.499174
2048 -0.499000 0.499043 0.499022
2049 -0.498909 0.498957 0.498934
2050 -0.498841 0.498891 0.498866
2051 -0.498872 0.498921 0.498897
2052 -0.499015 0.499058 0.499037
2053 -0.499228 0.499262 0.499245
2054 -0.499464 0.499487 0.499476
2055 -0.499687 0.499700 0.499694
2056 -0.499821 0.499829 0.499825
2057 -0.499803 0.499812 0.499808
2058 -0.499544 0.499563 0.499554
2059 -0.499208 0.499242 0.499225
2060 -0.499226 0.499260 0.499243
2061 -0.499248 0.499280 0.499264
2062 -0.499377 0.499404 0.499391
2063 -0.499613 0.499630 0.499622
2064 -0.499917 0.499920 0.499919
2065 -0.500143 0.500137 0.500140
2066 -0.500151 0.500145 0.500148
2067 -0.500199 0.500190 0.500194
2068 -0.500473 0.500452 0.500462
2069 -0.500697 0.500666 0.500681
2070 -0.500779 0.500745 0.500761
2071 -0.500848 0.500811 0.500829
2072 -0.501044 0.500998 0.501021
2073 -0.501306 0.501249 0.501277
2074 -0.501521 0.501454 0.501487
2075 -0.501777 0.501700 0.501738
2076 -0.502059 0.501970 0.502014
2077 -0.502232 0.502135 0.502183
2078 -0.502308 0.502208 0.502257
2079 -0.502342 0.502240 0.502290
2080 -0.502360 0.502258 0.502308
2081 -0.502347 0.502245 0.502295
2082 -0.502477 0.502369 0.502422
2083 -0.502912 0.502786 0.502847
2084 -0.503244 0.503103 0.503171
2085 -0.503497 0.503345 0.503419
2086 -0.503711 0.503550 0.503629
2087 -0.504095 0.503917 0.504004
2088 -0.504677 0.504474 0.504573
2089 -0.505257 0.505029 0.505140
2090 -0.505736 0.505486 0.505608
2091 -0.506197 0.505927 0.506059
2092 -0.506739 0.506446 0.506590
2093 -0.507288 0.506971 0.507126
2094 -0.507729 0.507393 0.507557
2095 -0.508081 0.507730 0.507902
2096 -0.508377 0.508013 0.508191
2097 -0.508708 0.508329 0.508514
2098 -0.509172 0.508773 0.508968
2099 -0.509818 0.509392 0.509600
2100 -0.510561 0.510101 0.510326
2101 -0.511425 0.510928 0.511171
2102 -0.512500 0.511957 0.512223
2103 -0.513539 0.512950 0.513238
2104 -0.514357 0.513733 0.514038
2105 -0.515004 0.514352 0.514671
2106 -0.515545 0.514870 0.515200
2107 -0.516063 0.515365 0.515706
2108 -0.516615 0.515892 0.516246
2109 -0.517139 0.516394 0.516758
2110 -0.517644 0.516877 0.517252
2111 -0.518144 0.517355 0.517741
2112 -0.518673 0.517861 0.518258
2113 -0.519162 0.518329 0.518736
2114 -0.519532 0.518683 0.519098
2115 -0.519749 0.518891 0.519311
2116 -0.519775 0.518916 0.519336
2117 -0.519607 0.518754 0.519171
2118 -0.519326 0.518486 0.518897
2119 -0.519153 0.518320 0.518727
2120 -0.518898 0.518076 0.518478
2121 -0.518488 0.517684 0.518077
2122 -0.518030 0.517246 0.517629
2123 -0.517519 0.516757 0.517129
2124 -0.516905 0.516170 0.516529
2125 -0.516226 0.515520 0.515865
2126 -0.515535 0.514860 0.515190
2127 -0.514859 0.514213 0.514529
2128 -0.514201 0.513584 0.513886
2129 -0.513524 0.512936 0.513224
2130 -0.512813 0.512256 0.512529
2131 -0.512066 0.511542 0.511798
2132 -0.511319 0.510827 0.511068
2133 -0.510615 0.510153 0.510379
2134 -0.509989 0.509555 0.509767
2135 -0.509420 0.509010 0.509210
2136 -0.508873 0.508487 0.508675
2137 -0.508338 0.507976 0.508153
2138 -0.507818 0.507478 0.507644
2139 -0.507313 0.506995 0.507150
2140 -0.506827 0.506530 0.506675
2141 -0.506373 0.506096 0.506231
2142 -0.505946 0.505687 0.505814
2143 -0.505549 0.505308 0.505426
2144 -0.505179 0.504954 0.505064
2145 -0.504835 0.504625 0.504728
2146 -0.504526 0.504329 0.504425
2147 -0.504249 0.504064 0.504155
2148 -0.503997 0.503823 0.503908
2149 -0.503753 0.503590 0.503670
2150 -0.503513 0.503361 0.503435
2151 -0.503282 0.503139 0.503209
2152 -0.503064 0.502930 0.502995
2153 -0.502855 0.502731 0.502792
2154 -0.502663 0.502547 0.502604
2155 -0.502482 0.502374 0.502427
2156 -0.502311 0.502210 0.502260
2157 -0.502148 0.502055 0.502101
2158 -0.501997 0.501910 0.501952
2159 -0.501858 0.501777 0.501816
2160 -0.501730 0.501655 0.501691
2161 -0.501608 0.501538 0.501572
2162 -0.501492 0.501427 0.501459
2163 -0.501381 0.501321 0.501350
2164 -0.501275 0.501220 0.501247
2165 -0.501172 0.501121 0.501146
2166 -0.501072 0.501025 0.501048
2167 -0.500979 0.500936 0.500957
2168 -0.500893 0.500854 0.500873
2169 -0.500813 0.500778 0.500795
2170 -0.500740 0.500707 0.500723
2171 -0.500666 0.500637 0.500651
2172 -0.500598 0.500572 0.500585
2173 -0.500533 0.500510 0.500521
2174 -0.500473 0.500452 0.500462
2175 -0.500413 0.500395 0.500404
2176 -0.500358 0.500342 0.500350
2177 -0.500306 0.500293 0.500299
2178 -0.500260 0.500248 0.500254
2179 -0.500218 0.500208 0.500213
2180 -0.500180 0.500172 0.500176
2181 -0.500147 0.500140 0.500143
2182 -0.500116 0.500111 0.500113
2183 -0.500090 0.500086 0.500088
2184 -0.500069 0.500066 0.500067
2185 -0.500051 0.500049 0.500050
2186 -0.500034 0.500032 0.500033
2187 -0.500021 0.500020 0.500020
2188 -0.500013 0.500012 0.500012
2189 -0.500008 0.500008 0.500008
2190 -0.500006 0.500006 0.500006
2191 -0.500003 0.500003 0.500003
2192 -0.499997 0.499997 0.499997
2193 -0.499990 0.499991 0.499990
2194 -0.499981 0.499982 0.499981
2195 -0.499972 0.499974 0.499973
2196 -0.499965 0.499966 0.499965
2197 -0.499959 0.499961 0.499960
2198 -0.499957 0.499959 0.499958
2199 -0.499959 0.499961 0.499960
2200 -0.499963 0.499965 0.499964
2201 -0.499971 0.499973 0.499972
2202 -0.499982 0.499983 0.499982
2203 -0.499990 0.499990 0.499990
2204 -0.499993 0.499993 0.499993
2205 -0.499992 0.499992 0.499992
2206 -0.499991 0.499991 0.499991
2207 -0.499990 0.499991 0.499990
2208 -0.499989 0.499990 0.499990
2209 -0.499988 0.499989 0.499989
2210 -0.499986 0.499987 0.499986
2211 -0.499982 0.499983 0.499982
2212 -0.499978 0.499979 0.499978
2213 -0.499975 0.499976 0.499976
2214 -0.499975 0.499976 0.499975
2215 -0.499977 0.499978 0.499977
2216 -0.499978 0.499979 0.499978
2217 -0.499977 0.499978 0.499977
2218 -0.499973 0.499974 0.499973
2219 -0.499967 0.499968 0.499968
2220 -0.499966 0.499968 0.499967
2221 -0.499978 0.499979 0.499978
2222 -0.499997 0.499997 0.499997
2223 -0.500007 0.500007 0.500007
2224 -0.500005 0.500005 0.500005
2225 -0.499996 0.499996 0.499996
2226 -0.499985 0.499985 0.499985
2227 -0.499973 0.499974 0.499974
2228 -0.499963 0.499965 0.499964
2229 -0.499954 0.499956 0.499955
2230 -0.499945 0.499947 0.499946
2231 -0.499936 0.499938 0.499937
2232 -0.499931 0.499934 0.499932
2233 -0.499927 0.499930 0.499929
2234 -0.499929 0.499932 0.499930
2235 -0.499926 0.499930 0.499928
2236 -0.499916 0.499920 0.499918
2237 -0.499897 0.499901 0.499899
2238 -0.499874 0.499879 0.499877
2239 -0.499846 0.499853 0.499850
2240 -0.499817 0.499825 0.499821
2241 -0.499786 0.499795 0.499791
2242 -0.499754 0.499764 0.499759
2243 -0.499719 0.499731 0.499725
2244 -0.499680 0.499694 0.499687
2245 -0.499644 0.499660 0.499652
2246 -0.499607 0.499624 0.499616
2247 -0.499563 0.499582 0.499572
2248 -0.499515 0.499536 0.499526
2249 -0.499461 0.499484 0.499473
2250 -0.499398 0.499424 0.499412
2251 -0.499335 0.499364 0.499350
2252 -0.499271 0.499303 0.499287
2253 -0.499204 0.499238 0.499221
2254 -0.499130 0.499168 0.499149
2255 -0.499051 0.499093 0.499072
2256 -0.498961 0.499006 0.498984
2257 -0.498864 0.498913 0.498889
2258 -0.498761 0.498815 0.498789
2259 -0.498653 0.498711 0.498682
2260 -0.498542 0.498605 0.498574
2261 -0.498428 0.498496 0.498462
2262 -0.498311 0.498384 0.498348
2263 -0.498190 0.498268 0.498230
2264 -0.498061 0.498146 0.498104
2265 -0.497918 0.498009 0.497965
2266 -0.497767 0.497864 0.497816
2267 -0.497596 0.497701 0.497650
2268 -0.497417 0.497529 0.497474
2269 -0.497227 0.497348 0.497289
2270 -0.497028 0.497157 0.497094
2271 -0.496818 0.496956 0.496889
2272 -0.496599 0.496747 0.496674
2273 -0.496370 0.496527 0.496450
2274 -0.496122 0.496291 0.496208
2275 -0.495856 0.496036 0.495948
2276 -0.495565 0.495758 0.495664
2277 -0.495254 0.495461 0.495360
2278 -0.494923 0.495144 0.495036
2279 -0.494573 0.494809 0.494693
2280 -0.494207 0.494458 0.494335
2281 -0.493818 0.494087 0.493956
2282 -0.493405 0.493691 0.493551
2283 -0.492959 0.493265 0.493115
2284 -0.492468 0.492796 0.492636
2285 -0.491938 0.492288 0.492117
2286 -0.491378 0.491753 0.491570
2287 -0.490798 0.491198 0.491003
2288 -0.490201 0.490627 0.490419
2289 -0.489577 0.490030 0.489808
2290 -0.488909 0.489392 0.489156
2291 -0.488197 0.488710 0.488459
2292 -0.487479 0.488024 0.487758
2293 -0.486819 0.487392 0.487112
2294 -0.486119 0.486722 0.486427
2295 -0.485311 0.485949 0.485637
2296 -0.484434 0.485111 0.484780
2297 -0.483525 0.484241 0.483891
2298 -0.482577 0.483334 0.482964
2299 -0.481621 0.482421 0.482030
2300 -0.480815 0.481649 0.481242
2301 -0.480077 0.480943 0.480520
2302 -0.479280 0.480180 0.479740
2303 -0.478296 0.479239 0.478778
2304 -0.477303 0.478290 0.477807
2305 -0.476501 0.477522 0.477023
2306 -0.475759 0.476813 0.476298
2307 -0.475251 0.476327 0.475801
2308 -0.475153 0.476234 0.475705
2309 -0.475110 0.476192 0.475663
2310 -0.475014 0.476100 0.475569
2311 -0.474849 0.475942 0.475408
2312 -0.475038 0.476124 0.475593
2313 -0.475543 0.476607 0.476087
2314 -0.476213 0.477247 0.476741
2315 -0.476852 0.477859 0.477367
2316 -0.477119 0.478113 0.477627
2317 -0.477194 0.478186 0.477701
2318 -0.477385 0.478368 0.477887
2319 -0.477982 0.478940 0.478472
2320 -0.479405 0.480300 0.479863
2321 -0.480928 0.481757 0.481352
2322 -0.482186 0.482960 0.482582
2323 -0.483357 0.484081 0.483727
2324 -0.484506 0.485180 0.484850
2325 -0.485477 0.486108 0.485799
2326 -0.486079 0.486684 0.486388
2327 -0.486267 0.486864 0.486572
2328 -0.486350 0.486944 0.486654
2329 -0.486454 0.487043 0.486755
2330 -0.486868 0.487439 0.487160
2331 -0.487954 0.488478 0.488222
2332 -0.489149 0.489621 0.489391
2333 -0.490204 0.490630 0.490422
2334 -0.491084 0.491472 0.491282
2335 -0.491990 0.492338 0.492168
2336 -0.492677 0.492996 0.492840
2337 -0.493038 0.493341 0.493193
2338 -0.493200 0.493496 0.493351
2339 -0.493304 0.493595 0.493453
2340 -0.493250 0.493543 0.493400
2341 -0.493073 0.493374 0.493227
2342 -0.493124 0.493423 0.493276
2343 -0.493284 0.493576 0.493433
2344 -0.493437 0.493723 0.493583
2345 -0.493701 0.493975 0.493841
2346 -0.493790 0.494060 0.493928
2347 -0.494121 0.494376 0.494251
2348 -0.494778 0.495005 0.494894
2349 -0.495615 0.495806 0.495713
2350 -0.496147 0.496314 0.496232
2351 -0.496321 0.496481 0.496402
2352 -0.496330 0.496490 0.496412
2353 -0.496312 0.496472 0.496394
2354 -0.496456 0.496610 0.496535
2355 -0.496764 0.496905 0.496836
2356 -0.497026 0.497155 0.497092
2357 -0.497287 0.497405 0.497348
2358 -0.497470 0.497580 0.497526
2359 -0.497344 0.497459 0.497403
2360 -0.496992 0.497123 0.497059
2361 -0.496881 0.497017 0.496951
2362 -0.496917 0.497051 0.496985
2363 -0.497110 0.497236 0.497175
2364 -0.497548 0.497655 0.497603
2365 -0.497946 0.498035 0.497992
2366 -0.498220 0.498298 0.498260
2367 -0.498465 0.498531 0.498499
2368 -0.498702 0.498758 0.498731
2369 -0.498704 0.498760 0.498733
2370 -0.498444 0.498511 0.498478
2371 -0.498233 0.498310 0.498273
2372 -0.498264 0.498340 0.498303
2373 -0.498341 0.498413 0.498378
2374 -0.498510 0.498575 0.498543
2375 -0.498724 0.498780 0.498753
2376 -0.498910 0.498958 0.498935
2377 -0.499040 0.499081 0.499061
2378 -0.498992 0.499036 0.499015
2379 -0.498577 0.498638 0.498608
2380 -0.497780 0.497877 0.497830
2381 -0.497256 0.497375 0.497317
2382 -0.497324 0.497440 0.497383
2383 -0.497587 0.497691 0.497640
2384 -0.498229 0.498306 0.498268
2385 -0.498902 0.498950 0.498927
2386 -0.499290 0.499320 0.499305
2387 -0.499338 0.499367 0.499353
2388 -0.499186 0.499221 0.499204
2389 -0.498909 0.498957 0.498934
2390 -0.498737 0.498792 0.498765
2391 -0.498678 0.498735 0.498707
2392 -0.498744 0.498798 0.498772
2393 -0.498970 0.499014 0.498993
2394 -0.499236 0.499270 0.499253
2395 -0.499290 0.499321 0.499306
2396 -0.499214 0.499248 0.499232
2397 -0.499195 0.499230 0.499213
2398 -0.499113 0.499152 0.499133
2399 -0.498879 0.498928 0.498904
2400 -0.498548 0.498611 0.498581
2401 -0.498216 0.498294 0.498256
2402 -0.498224 0.498301 0.498263
2403 -0.498598 0.498659 0.498629
2404 -0.499064 0.499104 0.499084
2405 -0.499352 0.499380 0.499366
2406 -0.499361 0.499389 0.499375
2407 -0.499213 0.499247 0.499230
2408 -0.499033 0.499075 0.499054
2409 -0.498933 0.498980 0.498957
2410 -0.498909 0.498957 0.498933
2411 -0.498862 0.498911 0.498887
2412 -0.498783 0.498836 0.498810
2413 -0.498895 0.498943 0.498919
2414 -0.499055 0.499096 0.499076
2415 -0.499124 0.499162 0.499143
2416 -0.499119 0.499157 0.499138
2417 -0.498993 0.499037 0.499016
2418 -0.498774 0.498827 0.498801
2419 -0.498567 0.498630 0.498599
2420 -0.498394 0.498464 0.498430
2421 -0.498426 0.498494 0.498461
2422 -0.498721 0.498777 0.498749
2423 -0.499044 0.499085 0.499065
2424 -0.499285 0.499316 0.499300
2425 -0.499347 0.499375 0.499361
2426 -0.499241 0.499274 0.499258
2427 -0.499042 0.499084 0.499064
2428 -0.498836 0.498887 0.498862
2429 -0.498697 0.498753 0.498726
2430 -0.498687 0.498744 0.498716
2431 -0.498886 0.498935 0.498911
2432 -0.498994 0.499038 0.499017
2433 -0.498992 0.499036 0.499014
2434 -0.498968 0.499013 0.498991
2435 -0.498961 0.499006 0.498984
2436 -0.499035 0.499077 0.499056
2437 -0.499146 0.499183 0.499165
2438 -0.499144 0.499181 0.499163
2439 -0.498965 0.499010 0.498988
2440 -0.498663 0.498721 0.498693
2441 -0.498529 0.498593 0.498562
2442 -0.498794 0.498846 0.498821
2443 -0.499026 0.499068 0.499047
2444 -0.499126 0.499164 0.499145
2445 -0.499208 0.499242 0.499225
2446 -0.499349 0.499378 0.499364
2447 -0.499521 0.499542 0.499532
2448 -0.499551 0.499570 0.499561
2449 -0.499427 0.499452 0.499440
2450 -0.499288 0.499319 0.499304
2451 -0.499150 0.499187 0.499168
2452 -0.498966 0.499011 0.498989
2453 -0.498832 0.498883 0.498858
2454 -0.498885 0.498933 0.498910
2455 -0.499137 0.499174 0.499156
2456 -0.499539 0.499559 0.499549
2457 -0.499933 0.499936 0.499935
2458 -0.500172 0.500164 0.500168
2459 -0.500197 0.500188 0.500193
2460 -0.500034 0.500033 0.500033
2461 -0.499843 0.499850 0.499847
2462 -0.499727 0.499739 0.499733
2463 -0.499677 0.499691 0.499684
2464 -0.499555 0.499574 0.499565
2465 -0.499532 0.499552 0.499543
2466 -0.499738 0.499749 0.499744
2467 -0.499956 0.499958 0.499957
2468 -0.500182 0.500174 0.500178
2469 -0.500301 0.500288 0.500295
2470 -0.500415 0.500397 0.500406
2471 -0.500670 0.500640 0.500655
2472 -0.500921 0.500881 0.500900
2473 -0.501091 0.501043 0.501066
2474 -0.501189 0.501137 0.501163
2475 -0.501318 0.501260 0.501288
2476 -0.501548 0.501481 0.501514
2477 -0.501955 0.501870 0.501912
2478 -0.502397 0.502293 0.502344
2479 -0.502677 0.502561 0.502618
2480 -0.502815 0.502693 0.502753
2481 -0.502929 0.502801 0.502864
2482 -0.503093 0.502958 0.503024
2483 -0.503263 0.503121 0.503190
2484 -0.503443 0.503293 0.503367
2485 -0.503693 0.503532 0.503611
2486 -0.504030 0.503855 0.503941
2487 -0.504414 0.504222 0.504316
2488 -0.504794 0.504586 0.504688
2489 -0.505215 0.504988 0.505099
2490 -0.505664 0.505418 0.505538
2491 -0.506076 0.505812 0.505941
2492 -0.506486 0.506204 0.506341
2493 -0.506893 0.506594 0.506740
2494 -0.507296 0.506978 0.507133
2495 -0.507730 0.507394 0.507558
2496 -0.508162 0.507808 0.507981
2497 -0.508594 0.508220 0.508403
2498 -0.509086 0.508691 0.508884
2499 -0.509692 0.509270 0.509476
