0 -0.498594 0.498697 0.498647
1 -0.495186 0.495538 0.495369
2 -0.487840 0.488731 0.488302
3 -0.484701 0.485821 0.485282
4 -0.484773 0.485888 0.485351
5 -0.481504 0.482858 0.482207
6 -0.476706 0.478411 0.477591
7 -0.471578 0.473659 0.472658
8 -0.469938 0.472139 0.471080
9 -0.470172 0.472356 0.471305
10 -0.469303 0.471550 0.470469
11 -0.467637 0.470006 0.468867
12 -0.467120 0.469527 0.468369
13 -0.468340 0.470658 0.469543
14 -0.466273 0.468743 0.467555
15 -0.466991 0.469407 0.468245
16 -0.465784 0.468289 0.467084
17 -0.463923 0.466565 0.465294
18 -0.463830 0.466478 0.465204
19 -0.459608 0.462565 0.461143
20 -0.459206 0.462193 0.460756
21 -0.454632 0.457954 0.456356
22 -0.452944 0.456389 0.454732
23 -0.448349 0.452131 0.450312
24 -0.443226 0.447383 0.445383
25 -0.441383 0.445674 0.443610
26 -0.439210 0.443660 0.441520
27 -0.435554 0.440273 0.438003
28 -0.430906 0.435965 0.433532
29 -0.428273 0.433525 0.430999
30 -0.426411 0.431799 0.429207
31 -0.422042 0.427750 0.425004
32 -0.420416 0.426243 0.423440
33 -0.419482 0.425377 0.422541
34 -0.416032 0.422180 0.419223
35 -0.411999 0.418442 0.415343
36 -0.416458 0.422575 0.419633
37 -0.419121 0.425043 0.422194
38 -0.421400 0.427155 0.424386
39 -0.429947 0.435076 0.432609
40 -0.435509 0.440231 0.437960
41 -0.439449 0.443882 0.441750
42 -0.441395 0.445686 0.443622
43 -0.448527 0.452296 0.450483
44 -0.452504 0.455981 0.454308
45 -0.460690 0.463569 0.462184
46 -0.467993 0.470337 0.469210
47 -0.473129 0.475096 0.474150
48 -0.459973 0.462903 0.461494
49 -0.491427 0.492055 0.491753
50 -0.508822 0.508176 0.508487
51 -0.501304 0.501209 0.501255
52 -0.526764 0.524804 0.525747
53 -0.554437 0.550451 0.552368
54 -0.571904 0.566639 0.569171
55 -0.585840 0.579555 0.582578
56 -0.611314 0.603164 0.607084
57 -0.624667 0.615539 0.619929
58 -0.629231 0.619769 0.624320
59 -0.654311 0.643013 0.648447
60 -0.681668 0.668367 0.674765
61 -0.702998 0.688135 0.695284
62 -0.729605 0.712794 0.720880
63 -0.763247 0.743973 0.753244
64 -0.769161 0.749454 0.758933
65 -0.782227 0.761563 0.771502
66 -0.794583 0.773014 0.783389
67 -0.860805 0.834387 0.847094
68 -0.867800 0.840871 0.853824
69 -0.896007 0.867012 0.880959
70 -0.817626 0.794370 0.805556
71 -1.035426 0.996224 1.015080
72 -0.972018 0.937458 0.954081
73 -0.883711 0.855616 0.869130
74 -1.009486 0.972182 0.990125
75 -1.016330 0.978526 0.996710
76 -1.060555 1.019512 1.039254
77 -1.039053 0.999584 1.018569
78 -1.186743 1.136461 1.160647
79 -1.083263 1.040558 1.061099
80 -1.096424 1.052755 1.073760
81 -1.091427 1.048124 1.068953
82 -1.096476 1.052804 1.073810
83 -0.986477 0.950858 0.967991
84 -1.052854 1.012375 1.031846
85 -1.039946 1.000412 1.019428
86 -0.999649 0.963066 0.980662
87 -0.974127 0.939413 0.956110
88 -1.027935 0.989281 1.007874
89 -0.918032 0.887425 0.902147
90 -0.876246 0.848698 0.861948
91 -0.858647 0.832387 0.845018
92 -0.855546 0.829514 0.842035
93 -0.819557 0.796160 0.807414
94 -0.807903 0.785359 0.796203
95 -0.704283 0.689326 0.696521
96 -0.782576 0.761886 0.771838
97 -0.777445 0.757132 0.766903
98 -0.770511 0.750705 0.760231
99 -0.757992 0.739102 0.748188
100 -0.763152 0.743885 0.753153
101 -0.765444 0.746008 0.755357
102 -0.755838 0.737106 0.746116
103 -0.761407 0.742268 0.751474
104 -0.757708 0.738839 0.747915
105 -0.759131 0.740158 0.749284
106 -0.759811 0.740788 0.749938
107 -0.761331 0.742197 0.751400
108 -0.762236 0.743035 0.752271
109 -0.763234 0.743961 0.753231
110 -0.764655 0.745278 0.754598
111 -0.765446 0.746011 0.755359
112 -0.767129 0.747570 0.756978
113 -0.767314 0.747742 0.757156
114 -0.767825 0.748216 0.757648
115 -0.767358 0.747783 0.757199
116 -0.767520 0.747933 0.757354
117 -0.767610 0.748016 0.757441
118 -0.766117 0.746633 0.756005
119 -0.764091 0.744755 0.754056
120 -0.763049 0.743790 0.753054
121 -0.758103 0.739206 0.748295
122 -0.753616 0.735047 0.743979
123 -0.746028 0.728014 0.736678
124 -0.735946 0.718671 0.726980
125 -0.726580 0.709990 0.717970
126 -0.714465 0.698762 0.706315
127 -0.702000 0.687210 0.694324
128 -0.686254 0.672617 0.679177
129 -0.670060 0.657609 0.663598
130 -0.651324 0.640244 0.645574
131 -0.627971 0.618601 0.623108
132 -0.606569 0.598766 0.602519
133 -0.586153 0.579845 0.582879
134 -0.571554 0.566315 0.568835
135 -0.558182 0.553922 0.555971
136 -0.546249 0.542862 0.544491
137 -0.538515 0.535695 0.537052
138 -0.531975 0.529634 0.530760
139 -0.526536 0.524593 0.525528
140 -0.520213 0.518733 0.519445
141 -0.517264 0.516000 0.516608
142 -0.514126 0.513092 0.513589
143 -0.511927 0.511054 0.511474
144 -0.509868 0.509146 0.509493
145 -0.508798 0.508154 0.508464
146 -0.508175 0.507576 0.507864
147 -0.508096 0.507503 0.507788
148 -0.507730 0.507164 0.507436
149 -0.507524 0.506973 0.507238
150 -0.507428 0.506884 0.507145
151 -0.507051 0.506534 0.506783
152 -0.506714 0.506222 0.506459
153 -0.506022 0.505581 0.505794
154 -0.505454 0.505055 0.505247
155 -0.505690 0.505273 0.505474
156 -0.504972 0.504608 0.504783
157 -0.504859 0.504503 0.504674
158 -0.504631 0.504292 0.504455
159 -0.504967 0.504603 0.504778
160 -0.504636 0.504297 0.504460
161 -0.504436 0.504111 0.504268
162 -0.504125 0.503823 0.503969
163 -0.504013 0.503719 0.503860
164 -0.503681 0.503412 0.503541
165 -0.503452 0.503200 0.503321
166 -0.503182 0.502949 0.503061
167 -0.503452 0.503199 0.503321
168 -0.503056 0.502832 0.502940
169 -0.503125 0.502896 0.503007
170 -0.503118 0.502890 0.503000
171 -0.503102 0.502875 0.502984
172 -0.503216 0.502981 0.503094
173 -0.503151 0.502921 0.503032
174 -0.503213 0.502978 0.503091
175 -0.503161 0.502929 0.503041
176 -0.503242 0.503004 0.503119
177 -0.503262 0.503023 0.503138
178 -0.503239 0.503002 0.503116
179 -0.503260 0.503021 0.503136
180 -0.503350 0.503105 0.503223
181 -0.503327 0.503084 0.503201
182 -0.503492 0.503236 0.503359
183 -0.503602 0.503338 0.503465
184 -0.503686 0.503416 0.503546
185 -0.503654 0.503387 0.503515
186 -0.503606 0.503342 0.503469
187 -0.503559 0.503298 0.503423
188 -0.503416 0.503166 0.503286
189 -0.503281 0.503041 0.503156
190 -0.503130 0.502901 0.503012
191 -0.502967 0.502750 0.502854
192 -0.502879 0.502668 0.502770
193 -0.502929 0.502715 0.502818
194 -0.503048 0.502825 0.502932
195 -0.503030 0.502808 0.502915
196 -0.503006 0.502786 0.502892
197 -0.502982 0.502763 0.502868
198 -0.502886 0.502674 0.502776
199 -0.502780 0.502576 0.502674
200 -0.502816 0.502609 0.502709
201 -0.502641 0.502447 0.502540
202 -0.502459 0.502279 0.502365
203 -0.502486 0.502304 0.502391
204 -0.502586 0.502396 0.502487
205 -0.502451 0.502272 0.502358
206 -0.502547 0.502360 0.502450
207 -0.502521 0.502336 0.502425
208 -0.502372 0.502199 0.502282
209 -0.502339 0.502168 0.502250
210 -0.502300 0.502131 0.502212
211 -0.502193 0.502033 0.502110
212 -0.502275 0.502109 0.502189
213 -0.502140 0.501983 0.502058
214 -0.502093 0.501940 0.502013
215 -0.501899 0.501760 0.501827
216 -0.501676 0.501553 0.501612
217 -0.501502 0.501392 0.501445
218 -0.501341 0.501243 0.501290
219 -0.501206 0.501118 0.501160
220 -0.501036 0.500960 0.500996
221 -0.501079 0.501000 0.501038
222 -0.501049 0.500972 0.501009
223 -0.500946 0.500876 0.500910
224 -0.500985 0.500913 0.500947
225 -0.501026 0.500951 0.500987
226 -0.501066 0.500988 0.501025
227 -0.501108 0.501026 0.501065
228 -0.501090 0.501011 0.501049
229 -0.501130 0.501047 0.501087
230 -0.501057 0.500980 0.501017
231 -0.501095 0.501014 0.501053
232 -0.501009 0.500935 0.500971
233 -0.500976 0.500904 0.500939
234 -0.501006 0.500933 0.500968
235 -0.500904 0.500838 0.500870
236 -0.500803 0.500744 0.500772
237 -0.500760 0.500704 0.500731
238 -0.500716 0.500663 0.500689
239 -0.500605 0.500560 0.500582
240 -0.500623 0.500578 0.500600
241 -0.500642 0.500595 0.500618
242 -0.500375 0.500348 0.500361
243 -0.500316 0.500293 0.500304
244 -0.500256 0.500237 0.500246
245 -0.500269 0.500249 0.500259
246 -0.500282 0.500261 0.500271
247 -0.500295 0.500273 0.500283
248 -0.500308 0.500285 0.500296
249 -0.500321 0.500298 0.500309
250 -0.500334 0.500310 0.500321
251 -0.500348 0.500322 0.500334
252 -0.500361 0.500335 0.500348
253 -0.500375 0.500347 0.500361
254 -0.500389 0.500360 0.500374
255 -0.500403 0.500373 0.500387
256 -0.500416 0.500386 0.500401
257 -0.500431 0.500399 0.500414
258 -0.500445 0.500412 0.500428
259 -0.500459 0.500426 0.500442
260 -0.500473 0.500439 0.500455
261 -0.500488 0.500452 0.500470
262 -0.500503 0.500466 0.500484
263 -0.500517 0.500480 0.500498
264 -0.500533 0.500494 0.500512
265 -0.500548 0.500507 0.500527
266 -0.500563 0.500522 0.500541
267 -0.500509 0.500472 0.500490
268 -0.500454 0.500421 0.500437
269 -0.500465 0.500431 0.500448
270 -0.500409 0.500379 0.500393
271 -0.500359 0.500333 0.500346
272 -0.500368 0.500341 0.500354
273 -0.500316 0.500293 0.500304
274 -0.500323 0.500299 0.500310
275 -0.500271 0.500252 0.500261
276 -0.500277 0.500257 0.500266
277 -0.500153 0.500142 0.500148
278 -0.500157 0.500145 0.500151
279 -0.500161 0.500149 0.500154
280 -0.500164 0.500152 0.500158
281 -0.500107 0.500100 0.500103
282 -0.500110 0.500102 0.500105
283 -0.500052 0.500049 0.500050
284 -0.500053 0.500050 0.500051
285 -0.500055 0.500051 0.500053
286 -0.500056 0.500052 0.500054
287 -0.500057 0.500053 0.500055
288 -0.500058 0.500054 0.500056
289 -0.500059 0.500055 0.500057
290 -0.500060 0.500056 0.500058
291 -0.500061 0.500057 0.500059
292 -0.500000 0.500000 0.500000
293 -0.500000 0.500000 0.500000
294 -0.500000 0.500000 0.500000
295 -0.500000 0.500000 0.500000
296 -0.500000 0.500000 0.500000
297 -0.500000 0.500000 0.500000
298 -0.500000 0.500000 0.500000
299 -0.500000 0.500000 0.500000
300 -0.500000 0.500000 0.500000
301 -0.500000 0.500000 0.500000
302 -0.500000 0.500000 0.500000
303 -0.500000 0.500000 0.500000
304 -0.500000 0.500000 0.500000
305 -0.500000 0.500000 0.500000
306 -0.500000 0.500000 0.500000
307 -0.500000 0.500000 0.500000
308 -0.499932 0.499937 0.499934
309 -0.499863 0.499873 0.499868
310 -0.499798 0.499813 0.499806
311 -0.499732 0.499751 0.499742
312 -0.499600 0.499629 0.499615
313 -0.499536 0.499570 0.499553
314 -0.499471 0.499510 0.499492
315 -0.499275 0.499328 0.499303
316 -0.499213 0.499270 0.499243
317 -0.499221 0.499278 0.499251
318 -0.499230 0.499286 0.499259
319 -0.499177 0.499237 0.499208
320 -0.499186 0.499246 0.499217
321 -0.499124 0.499188 0.499158
322 -0.499074 0.499142 0.499109
323 -0.499086 0.499153 0.499121
324 -0.499099 0.499165 0.499133
325 -0.499112 0.499177 0.499145
326 -0.499052 0.499121 0.499088
327 -0.499065 0.499134 0.499101
328 -0.499023 0.499094 0.499060
329 -0.499037 0.499108 0.499074
330 -0.499053 0.499122 0.499089
331 -0.499068 0.499137 0.499104
332 -0.499057 0.499126 0.499093
333 -0.498953 0.499029 0.498993
334 -0.498906 0.498986 0.498948
335 -0.498884 0.498966 0.498927
336 -0.498906 0.498986 0.498948
337 -0.498928 0.499006 0.498968
338 -0.498877 0.498960 0.498920
339 -0.498828 0.498914 0.498872
340 -0.498852 0.498936 0.498896
341 -0.498804 0.498892 0.498850
342 -0.498830 0.498916 0.498875
343 -0.498714 0.498808 0.498763
344 -0.498639 0.498739 0.498691
345 -0.498396 0.498514 0.498457
346 -0.498358 0.498479 0.498421
347 -0.498362 0.498482 0.498424
348 -0.498257 0.498384 0.498323
349 -0.498156 0.498291 0.498226
350 -0.497922 0.498074 0.498001
351 -0.497475 0.497660 0.497571
352 -0.497034 0.497251 0.497146
353 -0.497017 0.497235 0.497130
354 -0.496585 0.496835 0.496715
355 -0.496502 0.496758 0.496635
356 -0.496355 0.496622 0.496493
357 -0.495921 0.496219 0.496076
358 -0.495489 0.495819 0.495660
359 -0.495142 0.495497 0.495326
360 -0.495155 0.495510 0.495340
361 -0.494928 0.495299 0.495121
362 -0.494728 0.495114 0.494928
363 -0.494539 0.494939 0.494746
364 -0.494518 0.494920 0.494727
365 -0.494620 0.495014 0.494824
366 -0.494655 0.495046 0.494858
367 -0.494581 0.494977 0.494787
368 -0.494510 0.494912 0.494718
369 -0.494477 0.494881 0.494686
370 -0.494384 0.494796 0.494598
371 -0.494314 0.494730 0.494530
372 -0.494291 0.494709 0.494508
373 -0.493842 0.494293 0.494076
374 -0.493460 0.493939 0.493709
375 -0.492869 0.493392 0.493140
376 -0.492090 0.492669 0.492390
377 -0.490796 0.491470 0.491146
378 -0.489500 0.490269 0.489899
379 -0.488625 0.489458 0.489057
380 -0.487160 0.488100 0.487648
381 -0.485429 0.486496 0.485983
382 -0.483842 0.485025 0.484456
383 -0.483047 0.484288 0.483691
384 -0.481578 0.482926 0.482278
385 -0.480650 0.482067 0.481385
386 -0.479740 0.481223 0.480510
387 -0.478514 0.480087 0.479330
388 -0.477045 0.478726 0.477917
389 -0.476549 0.478266 0.477440
390 -0.475490 0.477285 0.476421
391 -0.474602 0.476462 0.475568
392 -0.473534 0.475472 0.474540
393 -0.472881 0.474866 0.473911
394 -0.471966 0.474019 0.473032
395 -0.471345 0.473443 0.472434
396 -0.470397 0.472564 0.471522
397 -0.469727 0.471944 0.470878
398 -0.468930 0.471205 0.470111
399 -0.468022 0.470363 0.469237
400 -0.467199 0.469601 0.468445
401 -0.465608 0.468126 0.466915
402 -0.464356 0.466966 0.465711
403 -0.462940 0.465653 0.464348
404 -0.460827 0.463695 0.462316
405 -0.458656 0.461683 0.460227
406 -0.455220 0.458498 0.456921
407 -0.452486 0.455965 0.454291
408 -0.448853 0.452597 0.450796
409 -0.444326 0.448403 0.446442
410 -0.438316 0.442832 0.440660
411 -0.433077 0.437977 0.435620
412 -0.426329 0.431723 0.429129
413 -0.419484 0.425380 0.422544
414 -0.411549 0.418025 0.414910
415 -0.402674 0.409800 0.406373
416 -0.391944 0.399855 0.396050
417 -0.382518 0.391120 0.386982
418 -0.372469 0.381806 0.377315
419 -0.362593 0.372654 0.367815
420 -0.352486 0.363287 0.358092
421 -0.341089 0.352724 0.347127
422 -0.329686 0.342156 0.336158
423 -0.316932 0.330336 0.323889
424 -0.305871 0.320085 0.313248
425 -0.295936 0.310877 0.303690
426 -0.286232 0.301883 0.294355
427 -0.277530 0.293819 0.285984
428 -0.269261 0.286155 0.278029
429 -0.262373 0.279771 0.271403
430 -0.253951 0.271966 0.263301
431 -0.247620 0.266098 0.257210
432 -0.240371 0.259381 0.250237
433 -0.233622 0.253126 0.243745
434 -0.226747 0.246754 0.237130
435 -0.222134 0.242479 0.232693
436 -0.217503 0.238187 0.228238
437 -0.214858 0.235736 0.225694
438 -0.208553 0.229892 0.219628
439 -0.206667 0.228145 0.217814
440 -0.200634 0.222553 0.212010
441 -0.197842 0.219965 0.209324
442 -0.194042 0.216444 0.205668
443 -0.191198 0.213807 0.202932
444 -0.187789 0.210649 0.199653
445 -0.186421 0.209381 0.198337
446 -0.181731 0.205034 0.193825
447 -0.181589 0.204902 0.193689
448 -0.178375 0.201923 0.190597
449 -0.175595 0.199347 0.187923
450 -0.175152 0.198936 0.187496
451 -0.173179 0.197108 0.185598
452 -0.173165 0.197095 0.185585
453 -0.171049 0.195134 0.183549
454 -0.169298 0.193511 0.181865
455 -0.169301 0.193514 0.181868
456 -0.167951 0.192263 0.180569
457 -0.166109 0.190555 0.178796
458 -0.164314 0.188892 0.177070
459 -0.164484 0.189050 0.177234
460 -0.163304 0.187956 0.176099
461 -0.163104 0.187770 0.175906
462 -0.162274 0.187002 0.175108
463 -0.162093 0.186833 0.174933
464 -0.160559 0.185412 0.173458
465 -0.160849 0.185681 0.173736
466 -0.159529 0.184457 0.172467
467 -0.160129 0.185014 0.173045
468 -0.158587 0.183585 0.171561
469 -0.158338 0.183353 0.171321
470 -0.157747 0.182806 0.170753
471 -0.156489 0.181640 0.169542
472 -0.154893 0.180161 0.168008
473 -0.154094 0.179420 0.167238
474 -0.153890 0.179231 0.167042
475 -0.152871 0.178287 0.166062
476 -0.151722 0.177222 0.164956
477 -0.152808 0.178229 0.166002
478 -0.150344 0.175945 0.163631
479 -0.150598 0.176180 0.163875
480 -0.149816 0.175456 0.163123
481 -0.148206 0.173964 0.161574
482 -0.148270 0.174023 0.161636
483 -0.147490 0.173300 0.160885
484 -0.147626 0.173426 0.161017
485 -0.147590 0.173392 0.160981
486 -0.146721 0.172588 0.160146
487 -0.147427 0.173242 0.160825
488 -0.147655 0.173453 0.161044
489 -0.146514 0.172396 0.159947
490 -0.145083 0.171069 0.158570
491 -0.145922 0.171847 0.159377
492 -0.146397 0.172287 0.159834
493 -0.147005 0.172850 0.160418
494 -0.147264 0.173090 0.160668
495 -0.146642 0.172514 0.160069
496 -0.147239 0.173067 0.160644
497 -0.148208 0.173966 0.161576
498 -0.147422 0.173237 0.160820
499 -0.148713 0.174433 0.162061
500 -0.147480 0.173290 0.160875
501 -0.148536 0.174270 0.161892
502 -0.146268 0.172167 0.159710
503 -0.148762 0.174479 0.162109
504 -0.146101 0.172013 0.159549
505 -0.146917 0.172769 0.160334
506 -0.145737 0.171675 0.159199
507 -0.145790 0.171724 0.159250
508 -0.143055 0.169189 0.156618
509 -0.143078 0.169211 0.156641
510 -0.140884 0.167177 0.154530
511 -0.141225 0.167494 0.154859
512 -0.139184 0.165602 0.152895
513 -0.138845 0.165288 0.152569
514 -0.137984 0.164490 0.151741
515 -0.136908 0.163493 0.150705
516 -0.135961 0.162615 0.149795
517 -0.135635 0.162313 0.149480
518 -0.133803 0.160615 0.147719
519 -0.133723 0.160541 0.147642
520 -0.132554 0.159457 0.146517
521 -0.132874 0.159754 0.146825
522 -0.131013 0.158030 0.145035
523 -0.130024 0.157113 0.144083
524 -0.128693 0.155880 0.142803
525 -0.130087 0.157172 0.144144
526 -0.128723 0.155908 0.142832
527 -0.128641 0.155831 0.142753
528 -0.127502 0.154776 0.141657
529 -0.129631 0.156749 0.143705
530 -0.127649 0.154912 0.141798
531 -0.128670 0.155858 0.142780
532 -0.127790 0.155042 0.141934
533 -0.130085 0.157169 0.144142
534 -0.129333 0.156472 0.143418
535 -0.130286 0.157356 0.144335
536 -0.127053 0.154359 0.141225
537 -0.128326 0.155539 0.142450
538 -0.127403 0.154683 0.141561
539 -0.127707 0.154966 0.141854
540 -0.126893 0.154211 0.141071
541 -0.127944 0.155185 0.142082
542 -0.127246 0.154538 0.141411
543 -0.127238 0.154531 0.141403
544 -0.125423 0.152849 0.139657
545 -0.126688 0.154021 0.140874
546 -0.125332 0.152765 0.139570
547 -0.127125 0.154426 0.141294
548 -0.125625 0.153036 0.139851
549 -0.125485 0.152906 0.139717
550 -0.126258 0.153623 0.140460
551 -0.126201 0.153569 0.140405
552 -0.126585 0.153926 0.140775
553 -0.125790 0.153189 0.140010
554 -0.124554 0.152043 0.138821
555 -0.125585 0.152998 0.139812
556 -0.123607 0.151166 0.137910
557 -0.124554 0.152043 0.138821
558 -0.122579 0.150213 0.136921
559 -0.124379 0.151881 0.138653
560 -0.124098 0.151621 0.138383
561 -0.124068 0.151592 0.138353
562 -0.121013 0.148762 0.135415
563 -0.120680 0.148453 0.135094
564 -0.120921 0.148676 0.135326
565 -0.120038 0.147858 0.134476
566 -0.118972 0.146870 0.133451
567 -0.116165 0.144268 0.130750
568 -0.116406 0.144492 0.130982
569 -0.114857 0.143056 0.129492
570 -0.114273 0.142515 0.128931
571 -0.112322 0.140706 0.127053
572 -0.112886 0.141230 0.127596
573 -0.109384 0.137984 0.124228
574 -0.106406 0.135224 0.121363
575 -0.105102 0.134015 0.120108
576 -0.103527 0.132555 0.118593
577 -0.103616 0.132638 0.118678
578 -0.102061 0.131197 0.117183
579 -0.100366 0.129626 0.115552
580 -0.099250 0.128592 0.114479
581 -0.097700 0.127156 0.112988
582 -0.096341 0.125896 0.111681
583 -0.093520 0.123281 0.108966
584 -0.092137 0.122000 0.107636
585 -0.092274 0.122127 0.107768
586 -0.091191 0.121123 0.106726
587 -0.087728 0.117914 0.103395
588 -0.085570 0.115913 0.101318
589 -0.081874 0.112488 0.097763
590 -0.032464 0.066696 0.050230
591 -0.078600 0.109454 0.094614
592 -0.081957 0.112565 0.097843
593 -0.075716 0.106781 0.091838
594 -0.079984 0.110736 0.095944
595 -0.076534 0.107539 0.092626
596 -0.075815 0.106873 0.091934
597 -0.072724 0.104008 0.088961
598 -0.073730 0.104941 0.089929
599 -0.071034 0.102442 0.087335
600 -0.072268 0.103586 0.088522
601 -0.067108 0.098803 0.083558
602 -0.071032 0.102440 0.087332
603 -0.064725 0.096595 0.081265
604 -0.064605 0.096483 0.081150
605 -0.061106 0.093240 0.077784
606 -0.066946 0.098653 0.083402
607 -0.061554 0.093656 0.078215
608 -0.065665 0.097466 0.082170
609 -0.060571 0.092745 0.077269
610 -0.063831 0.095766 0.080405
611 -0.059303 0.091570 0.076049
612 -0.060507 0.092685 0.077207
613 -0.059249 0.091520 0.075998
614 -0.060684 0.092850 0.077378
615 -0.062034 0.094101 0.078677
616 -0.057766 0.090145 0.074571
617 -0.057888 0.090259 0.074689
618 -0.056960 0.089399 0.073796
619 -0.056604 0.089069 0.073453
620 -0.054380 0.087007 0.071314
621 -0.057282 0.089697 0.074105
622 -0.053718 0.086394 0.070677
623 -0.056789 0.089240 0.073631
624 -0.051066 0.083936 0.068126
625 -0.056336 0.088820 0.073195
626 -0.052414 0.085185 0.069422
627 -0.052612 0.085368 0.069612
628 -0.052755 0.085502 0.069751
629 -0.053296 0.086003 0.070271
630 -0.052809 0.085552 0.069803
631 -0.053545 0.086234 0.070510
632 -0.052195 0.084982 0.069211
633 -0.053272 0.085980 0.070247
634 -0.050744 0.083638 0.067816
635 -0.051499 0.084338 0.068542
636 -0.050366 0.083287 0.067452
637 -0.050141 0.083078 0.067235
638 -0.050488 0.083400 0.067569
639 -0.049242 0.082245 0.066370
640 -0.048113 0.081199 0.065285
641 -0.049357 0.082352 0.066481
642 -0.047761 0.080873 0.064946
643 -0.049665 0.082637 0.066777
644 -0.044531 0.077879 0.061839
645 -0.050739 0.083633 0.067811
646 -0.045036 0.078347 0.062324
647 -0.047296 0.080442 0.064499
648 -0.044522 0.077871 0.061830
649 -0.048649 0.081696 0.065801
650 -0.048751 0.081791 0.065899
651 -0.048611 0.081661 0.065764
652 -0.046129 0.079361 0.063376
653 -0.051271 0.084126 0.068323
654 -0.046327 0.079544 0.063566
655 -0.048856 0.081888 0.065999
656 -0.046505 0.079709 0.063738
657 -0.050849 0.083735 0.067917
658 -0.048292 0.081365 0.065457
659 -0.049761 0.082727 0.066870
660 -0.048140 0.081224 0.065311
661 -0.051942 0.084748 0.068968
662 -0.049617 0.082593 0.066732
663 -0.050862 0.083747 0.067929
664 -0.049869 0.082827 0.066974
665 -0.051107 0.083974 0.068165
666 -0.049793 0.082756 0.066901
667 -0.054946 0.087532 0.071858
668 -0.050623 0.083525 0.067699
669 -0.051749 0.084569 0.068783
670 -0.051803 0.084619 0.068834
671 -0.050371 0.083292 0.067457
672 -0.051228 0.084086 0.068281
673 -0.052249 0.085032 0.069263
674 -0.050351 0.083274 0.067438
675 -0.051476 0.084316 0.068520
676 -0.050975 0.083852 0.068038
677 -0.050414 0.083331 0.067498
678 -0.052208 0.084994 0.069224
679 -0.051045 0.083916 0.068105
680 -0.049902 0.082857 0.067006
681 -0.052406 0.085178 0.069415
682 -0.049683 0.082654 0.066795
683 -0.051882 0.084693 0.068911
684 -0.050042 0.082987 0.067140
685 -0.051322 0.084173 0.068372
686 -0.050808 0.083697 0.067878
687 -0.051663 0.084490 0.068700
688 -0.051606 0.084436 0.068645
689 -0.054350 0.086980 0.071285
690 -0.054367 0.086995 0.071301
691 -0.055334 0.087891 0.072231
692 -0.053001 0.085729 0.069987
693 -0.053809 0.086478 0.070764
694 -0.057046 0.089478 0.073878
695 -0.053397 0.086096 0.070368
696 -0.055467 0.088015 0.072360
697 -0.057037 0.089470 0.073870
698 -0.054795 0.087392 0.071713
699 -0.056362 0.088844 0.073220
700 -0.054085 0.086734 0.071030
701 -0.054122 0.086768 0.071065
702 -0.057296 0.089710 0.074119
703 -0.055096 0.087671 0.072003
704 -0.056763 0.089216 0.073606
705 -0.056906 0.089348 0.073743
706 -0.056627 0.089090 0.073475
707 -0.056893 0.089337 0.073731
708 -0.054004 0.086659 0.070952
709 -0.058495 0.090821 0.075272
710 -0.052585 0.085344 0.069587
711 -0.058564 0.090885 0.075338
712 -0.056393 0.088873 0.073250
713 -0.058927 0.091222 0.075688
714 -0.055239 0.087803 0.072140
715 -0.056361 0.088843 0.073219
716 -0.057290 0.089704 0.074113
717 -0.057700 0.090084 0.074507
718 -0.056716 0.089172 0.073561
719 -0.059329 0.091594 0.076074
720 -0.056881 0.089325 0.073719
721 -0.062779 0.094791 0.079393
722 -0.058528 0.090852 0.075304
723 -0.060047 0.092259 0.076765
724 -0.058624 0.090940 0.075396
725 -0.060478 0.092659 0.077180
726 -0.056868 0.089313 0.073707
727 -0.061810 0.093893 0.078461
728 -0.057354 0.089763 0.074174
729 -0.061729 0.093818 0.078383
730 -0.060174 0.092377 0.076887
731 -0.062122 0.094183 0.078762
732 -0.058203 0.090550 0.074991
733 -0.063674 0.095621 0.080255
734 -0.059183 0.091458 0.075934
735 -0.063647 0.095596 0.080228
736 -0.059645 0.091887 0.076378
737 -0.064233 0.096139 0.080792
738 -0.061197 0.093325 0.077871
739 -0.064977 0.096828 0.081508
740 -0.062370 0.094412 0.079000
741 -0.064980 0.096831 0.081511
742 -0.062114 0.094175 0.078754
743 -0.064049 0.095969 0.080616
744 -0.061609 0.093707 0.078268
745 -0.065958 0.097738 0.082452
746 -0.063611 0.095562 0.080194
747 -0.065945 0.097725 0.082439
748 -0.063471 0.095433 0.080059
749 -0.068337 0.099942 0.084740
750 -0.064242 0.096147 0.080800
751 -0.067453 0.099123 0.083890
752 -0.064583 0.096463 0.081129
753 -0.068218 0.099833 0.084626
754 -0.062876 0.094881 0.079486
755 -0.067000 0.098703 0.083454
756 -0.064020 0.095941 0.080587
757 -0.067591 0.099251 0.084023
758 -0.062939 0.094940 0.079547
759 -0.068151 0.099770 0.084561
760 -0.063688 0.095633 0.080268
761 -0.066752 0.098474 0.083216
762 -0.063311 0.095284 0.079905
763 -0.065784 0.097576 0.082284
764 -0.065850 0.097637 0.082347
765 -0.066349 0.098100 0.082827
766 -0.065558 0.097367 0.082067
767 -0.068681 0.100262 0.085072
768 -0.066142 0.097908 0.082629
769 -0.065236 0.097068 0.081757
770 -0.067753 0.099401 0.084178
771 -0.066198 0.097960 0.082682
772 -0.065416 0.097235 0.081930
773 -0.065717 0.097514 0.082219
774 -0.067093 0.098790 0.083544
775 -0.065461 0.097277 0.081973
776 -0.070004 0.101488 0.086344
777 -0.066995 0.098699 0.083449
778 -0.069375 0.100904 0.085738
779 -0.066240 0.097999 0.082723
780 -0.069091 0.100641 0.085465
781 -0.065930 0.097712 0.082425
782 -0.068966 0.100525 0.085345
783 -0.066564 0.098299 0.083034
784 -0.068261 0.099872 0.084667
785 -0.066293 0.098048 0.082774
786 -0.069757 0.101258 0.086106
787 -0.067350 0.099028 0.083791
788 -0.067547 0.099211 0.083981
789 -0.071498 0.102872 0.087781
790 -0.071440 0.102818 0.087725
791 -0.069933 0.101422 0.086276
792 -0.069610 0.101122 0.085964
793 -0.071994 0.103331 0.088258
794 -0.070410 0.101864 0.086735
795 -0.071398 0.102780 0.087685
796 -0.072815 0.104093 0.089048
797 -0.070699 0.102131 0.087012
798 -0.071082 0.102486 0.087381
799 -0.073059 0.104318 0.089282
800 -0.072694 0.103980 0.088932
801 -0.073093 0.104350 0.089315
802 -0.071119 0.102520 0.087416
803 -0.074004 0.105195 0.090192
804 -0.074252 0.105424 0.090430
805 -0.075838 0.106894 0.091956
806 -0.073228 0.104476 0.089446
807 -0.078709 0.109555 0.094718
808 -0.074551 0.105701 0.090718
809 -0.078626 0.109478 0.094638
810 -0.076106 0.107142 0.092214
811 -0.079681 0.110455 0.095653
812 -0.077946 0.108848 0.093984
813 -0.080287 0.111017 0.096236
814 -0.079218 0.110026 0.095207
815 -0.082657 0.113214 0.098516
816 -0.077830 0.108741 0.093873
817 -0.083399 0.113901 0.099229
818 -0.079482 0.110271 0.095462
819 -0.084344 0.114778 0.100139
820 -0.080664 0.111367 0.096599
821 -0.082939 0.113476 0.098788
822 -0.081093 0.111764 0.097011
823 -0.083155 0.113675 0.098995
824 -0.081440 0.112086 0.097346
825 -0.084655 0.115066 0.100438
826 -0.081697 0.112324 0.097592
827 -0.085032 0.115415 0.100801
828 -0.082883 0.113423 0.098733
829 -0.084841 0.115238 0.100617
830 -0.083387 0.113890 0.099218
831 -0.082051 0.112653 0.097933
832 -0.080410 0.111131 0.096354
833 -0.087103 0.117335 0.102793
834 -0.080928 0.111612 0.096853
835 -0.085775 0.116103 0.101515
836 -0.083876 0.114343 0.099688
837 -0.088349 0.118489 0.103991
838 -0.083352 0.113858 0.099185
839 -0.087949 0.118118 0.103607
840 -0.082808 0.113354 0.098662
841 -0.088922 0.119021 0.104543
842 -0.084180 0.114625 0.099981
843 -0.088487 0.118617 0.104125
844 -0.085368 0.115726 0.101124
845 -0.089927 0.119952 0.105510
846 -0.086871 0.117119 0.102570
847 -0.091370 0.121289 0.106898
848 -0.088116 0.118273 0.103768
849 -0.092146 0.122008 0.107645
850 -0.088242 0.118390 0.103889
851 -0.091697 0.121592 0.107213
852 -0.090025 0.120043 0.105604
853 -0.091624 0.121524 0.107142
854 -0.090943 0.120893 0.106487
855 -0.095493 0.125110 0.110864
856 -0.088823 0.118928 0.104448
857 -0.091853 0.121736 0.107362
858 -0.087873 0.118048 0.103534
859 -0.093587 0.123344 0.109031
860 -0.088614 0.118735 0.104247
861 -0.092743 0.122562 0.108219
862 -0.089714 0.119755 0.105305
863 -0.091454 0.121366 0.106978
864 -0.089384 0.119448 0.104987
865 -0.092921 0.122726 0.108390
866 -0.092382 0.122227 0.107871
867 -0.091699 0.121594 0.107214
868 -0.090430 0.120418 0.105994
869 -0.093306 0.123083 0.108760
870 -0.090484 0.120468 0.106046
871 -0.093881 0.123616 0.109314
872 -0.091690 0.121585 0.107205
873 -0.093423 0.123192 0.108873
874 -0.091630 0.121530 0.107148
875 -0.094324 0.124027 0.109740
876 -0.093292 0.123070 0.108747
877 -0.096548 0.126088 0.111879
878 -0.094926 0.124585 0.110319
879 -0.096627 0.126161 0.111955
880 -0.095092 0.124738 0.110478
881 -0.098509 0.127905 0.113766
882 -0.093081 0.122875 0.108544
883 -0.096173 0.125740 0.111518
884 -0.094394 0.124091 0.109807
885 -0.094319 0.124022 0.109735
886 -0.097599 0.127062 0.112891
887 -0.094482 0.124173 0.109892
888 -0.096730 0.126256 0.112054
889 -0.095145 0.124787 0.110529
890 -0.096472 0.126018 0.111806
891 -0.095685 0.125288 0.111049
892 -0.094051 0.123773 0.109477
893 -0.095486 0.125104 0.110858
894 -0.095086 0.124733 0.110473
895 -0.095882 0.125471 0.111239
896 -0.095554 0.125167 0.110923
897 -0.095220 0.124857 0.110602
898 -0.097357 0.126838 0.112658
899 -0.096813 0.126333 0.112134
900 -0.097092 0.126592 0.112402
901 -0.098430 0.127832 0.113690
902 -0.098520 0.127915 0.113776
903 -0.099077 0.128432 0.114312
904 -0.097581 0.127045 0.112873
905 -0.099608 0.128924 0.114823
906 -0.101062 0.130271 0.116222
907 -0.102425 0.131535 0.117533
908 -0.101796 0.130952 0.116928
909 -0.103711 0.132726 0.118770
910 -0.101847 0.130999 0.116977
911 -0.103086 0.132147 0.118169
912 -0.100932 0.130150 0.116096
913 -0.104307 0.133279 0.119344
914 -0.101205 0.130404 0.116359
915 -0.105288 0.134188 0.120287
916 -0.101878 0.131028 0.117007
917 -0.104958 0.133882 0.119969
918 -0.105344 0.134240 0.120341
919 -0.107610 0.136339 0.122520
920 -0.107119 0.135885 0.122048
921 -0.109373 0.137974 0.124217
922 -0.107047 0.135818 0.121979
923 -0.110452 0.138974 0.125255
924 -0.108101 0.136795 0.122994
925 -0.111188 0.139656 0.125963
926 -0.109141 0.137759 0.123994
927 -0.109964 0.138521 0.124785
928 -0.107474 0.136214 0.122390
929 -0.113500 0.141799 0.128187
930 -0.109302 0.137908 0.124149
931 -0.112765 0.141118 0.127480
932 -0.110871 0.139362 0.125658
933 -0.114071 0.142328 0.128736
934 -0.112267 0.140656 0.127001
935 -0.114386 0.142620 0.129039
936 -0.111623 0.140059 0.126382
937 -0.116649 0.144717 0.131216
938 -0.112374 0.140755 0.127104
939 -0.117636 0.145632 0.132166
940 -0.114712 0.142922 0.129353
941 -0.118768 0.146681 0.133255
942 -0.116021 0.144135 0.130613
943 -0.119222 0.147102 0.133691
944 -0.115535 0.143685 0.130145
945 -0.120137 0.147949 0.134572
946 -0.118012 0.145980 0.132527
947 -0.120228 0.148034 0.134660
948 -0.119981 0.147805 0.134422
949 -0.120953 0.148706 0.135357
950 -0.120767 0.148533 0.135178
951 -0.123146 0.150738 0.137466
952 -0.119546 0.147402 0.134003
953 -0.124495 0.151988 0.138764
954 -0.122700 0.150325 0.137037
955 -0.124734 0.152210 0.138994
956 -0.125516 0.152935 0.139746
957 -0.126390 0.153745 0.140587
958 -0.126197 0.153566 0.140402
959 -0.125238 0.152677 0.139479
960 -0.127332 0.154618 0.141493
961 -0.126376 0.153732 0.140574
962 -0.128818 0.155995 0.142923
963 -0.126954 0.154267 0.141129
964 -0.128505 0.155705 0.142622
965 -0.128031 0.155266 0.142166
966 -0.129404 0.156538 0.143487
967 -0.128843 0.156018 0.142947
968 -0.130559 0.157609 0.144598
969 -0.130540 0.157591 0.144580
970 -0.131279 0.158276 0.145290
971 -0.131477 0.158459 0.145481
972 -0.133504 0.160338 0.147431
973 -0.130545 0.157596 0.144584
974 -0.135137 0.161852 0.149002
975 -0.133183 0.160041 0.147122
976 -0.136140 0.162781 0.149966
977 -0.134145 0.160932 0.148047
978 -0.137485 0.164027 0.151260
979 -0.135654 0.162330 0.149499
980 -0.139276 0.165687 0.152983
981 -0.137740 0.164263 0.151505
982 -0.142561 0.168732 0.156144
983 -0.140183 0.166528 0.153856
984 -0.144169 0.170222 0.157690
985 -0.141689 0.167924 0.155305
986 -0.145217 0.171193 0.158698
987 -0.143074 0.169207 0.156637
988 -0.145563 0.171514 0.159031
989 -0.145324 0.171293 0.158802
990 -0.147133 0.172969 0.160542
991 -0.147064 0.172906 0.160476
992 -0.149102 0.174794 0.162436
993 -0.147784 0.173573 0.161168
994 -0.151408 0.176931 0.164655
995 -0.150941 0.176498 0.164205
996 -0.151670 0.177174 0.164906
997 -0.152531 0.177972 0.165735
998 -0.153483 0.178854 0.166650
999 -0.154276 0.179590 0.167414
1000 -0.155265 0.180506 0.168365
1001 -0.153351 0.178732 0.166523
1002 -0.156301 0.181466 0.169362
1003 -0.154026 0.179358 0.167173
1004 -0.160076 0.184965 0.172993
1005 -0.156988 0.182103 0.170023
1006 -0.160460 0.185320 0.173363
1007 -0.157613 0.182682 0.170624
1008 -0.161231 0.186035 0.174104
1009 -0.159439 0.184374 0.172380
1010 -0.165041 0.189566 0.177769
1011 -0.162396 0.187114 0.175225
1012 -0.167011 0.191392 0.179665
1013 -0.163903 0.188511 0.176674
1014 -0.168235 0.192526 0.180842
1015 -0.163720 0.188342 0.176499
1016 -0.166719 0.191121 0.179383
1017 -0.166416 0.190840 0.179092
1018 -0.164343 0.188919 0.177098
1019 -0.166654 0.191061 0.179321
1020 -0.166148 0.190592 0.178834
1021 -0.168196 0.192490 0.180804
1022 -0.169490 0.193689 0.182049
1023 -0.169214 0.193433 0.181783
1024 -0.169754 0.193933 0.182303
1025 -0.171101 0.195182 0.183599
1026 -0.171307 0.195373 0.183797
1027 -0.173660 0.197554 0.186061
1028 -0.171559 0.195607 0.184040
1029 -0.174761 0.198574 0.187120
1030 -0.172423 0.196408 0.184871
1031 -0.173458 0.197366 0.185866
1032 -0.171745 0.195779 0.184219
1033 -0.175003 0.198799 0.187353
1034 -0.172073 0.196084 0.184535
1035 -0.173252 0.197175 0.185668
1036 -0.172948 0.196894 0.185376
1037 -0.176138 0.199850 0.188444
1038 -0.175362 0.199131 0.187698
1039 -0.175660 0.199408 0.187985
1040 -0.176837 0.200498 0.189117
1041 -0.176817 0.200479 0.189098
1042 -0.177498 0.201111 0.189753
1043 -0.177249 0.200880 0.189513
1044 -0.176419 0.200111 0.188715
1045 -0.178726 0.202249 0.190934
1046 -0.178282 0.201837 0.190507
1047 -0.179538 0.203002 0.191716
1048 -0.179354 0.202831 0.191538
1049 -0.180024 0.203452 0.192183
1050 -0.179571 0.203032 0.191747
1051 -0.180501 0.203894 0.192642
1052 -0.179470 0.202938 0.191650
1053 -0.182580 0.205821 0.194642
1054 -0.180102 0.203525 0.192259
1055 -0.182590 0.205830 0.194651
1056 -0.181153 0.204498 0.193269
1057 -0.182781 0.206007 0.194835
1058 -0.181754 0.205055 0.193847
1059 -0.186362 0.209326 0.198281
1060 -0.182417 0.205670 0.194485
1061 -0.185785 0.208792 0.197726
1062 -0.184443 0.207547 0.196434
1063 -0.186521 0.209474 0.198434
1064 -0.184650 0.207739 0.196633
1065 -0.188342 0.211161 0.200185
1066 -0.185562 0.208584 0.197511
1067 -0.187555 0.210431 0.199427
1068 -0.187604 0.210477 0.199475
1069 -0.189572 0.212301 0.201368
1070 -0.187981 0.210826 0.199838
1071 -0.189012 0.211782 0.200830
1072 -0.187037 0.209951 0.198929
1073 -0.190757 0.213399 0.202508
1074 -0.190274 0.212951 0.202043
1075 -0.191906 0.214464 0.203613
1076 -0.192760 0.215256 0.204435
1077 -0.193819 0.216237 0.205454
1078 -0.194335 0.216715 0.205950
1079 -0.194273 0.216657 0.205890
1080 -0.196634 0.218846 0.208162
1081 -0.193800 0.216219 0.205436
1082 -0.197876 0.219996 0.209356
1083 -0.196719 0.218925 0.208244
1084 -0.199412 0.221421 0.210835
1085 -0.197071 0.219251 0.208582
1086 -0.198614 0.220681 0.210066
1087 -0.199292 0.221309 0.210719
1088 -0.200963 0.222858 0.212326
1089 -0.200055 0.222017 0.211453
1090 -0.201504 0.223359 0.212846
1091 -0.200894 0.222794 0.212260
1092 -0.201567 0.223417 0.212907
1093 -0.202179 0.223985 0.213496
1094 -0.203925 0.225603 0.215176
1095 -0.203450 0.225163 0.214719
1096 -0.205405 0.226975 0.216600
1097 -0.204760 0.226377 0.215979
1098 -0.203590 0.225292 0.214853
1099 -0.205130 0.226720 0.216335
1100 -0.205013 0.226611 0.216222
1101 -0.207143 0.228586 0.218272
1102 -0.206187 0.227699 0.217352
1103 -0.207638 0.229044 0.218748
1104 -0.205194 0.226779 0.216396
1105 -0.205494 0.227057 0.216686
1106 -0.206683 0.228159 0.217829
1107 -0.206566 0.228050 0.217716
1108 -0.205524 0.227085 0.216715
1109 -0.204892 0.226499 0.216106
1110 -0.206028 0.227552 0.217199
1111 -0.206445 0.227938 0.217600
1112 -0.207509 0.228925 0.218624
1113 -0.207310 0.228740 0.218432
1114 -0.206430 0.227924 0.217585
1115 -0.206779 0.228248 0.217922
1116 -0.207840 0.229232 0.218942
1117 -0.207931 0.229315 0.219029
1118 -0.206983 0.228437 0.218118
1119 -0.206504 0.227993 0.217657
1120 -0.209419 0.230695 0.220461
1121 -0.207815 0.229208 0.218918
1122 -0.209205 0.230496 0.220255
1123 -0.207996 0.229376 0.219092
1124 -0.209808 0.231055 0.220835
1125 -0.207642 0.229047 0.218751
1126 -0.207602 0.229011 0.218714
1127 -0.207774 0.229170 0.218879
1128 -0.209668 0.230926 0.220701
1129 -0.207024 0.228475 0.218157
1130 -0.209984 0.231218 0.221004
1131 -0.209483 0.230754 0.220522
1132 -0.211994 0.233082 0.222939
1133 -0.209939 0.231177 0.220962
1134 -0.213007 0.234020 0.223913
1135 -0.210961 0.232124 0.221945
1136 -0.212809 0.233836 0.223722
1137 -0.212315 0.233378 0.223247
1138 -0.212472 0.233524 0.223398
1139 -0.212386 0.233445 0.223316
1140 -0.213503 0.234480 0.224390
1141 -0.213412 0.234396 0.224303
1142 -0.213500 0.234477 0.224387
1143 -0.213263 0.234257 0.224159
1144 -0.213399 0.234383 0.224290
1145 -0.214253 0.235175 0.225112
1146 -0.212929 0.233948 0.223838
1147 -0.214013 0.234952 0.224880
1148 -0.214870 0.235746 0.225705
1149 -0.216169 0.236951 0.226955
1150 -0.213495 0.234473 0.224383
1151 -0.216751 0.237490 0.227514
1152 -0.215559 0.236385 0.226367
1153 -0.216216 0.236994 0.227000
1154 -0.216579 0.237331 0.227349
1155 -0.215681 0.236499 0.226486
1156 -0.217548 0.238229 0.228281
1157 -0.217278 0.237978 0.228021
1158 -0.217809 0.238470 0.228532
1159 -0.217313 0.238010 0.228055
1160 -0.217184 0.237891 0.227931
1161 -0.218425 0.239042 0.229125
1162 -0.217938 0.238590 0.228657
1163 -0.219373 0.239920 0.230037
1164 -0.218607 0.239210 0.229300
1165 -0.222897 0.243186 0.233427
1166 -0.221382 0.241781 0.231969
1167 -0.222819 0.243114 0.233352
1168 -0.223209 0.243475 0.233727
1169 -0.223798 0.244021 0.234294
1170 -0.225175 0.245297 0.235619
1171 -0.226139 0.246190 0.236545
1172 -0.223928 0.244141 0.234419
1173 -0.227160 0.247137 0.237528
1174 -0.226583 0.246602 0.236973
1175 -0.226328 0.246366 0.236728
1176 -0.226338 0.246375 0.236738
1177 -0.228647 0.248515 0.238958
1178 -0.226872 0.246870 0.237251
1179 -0.229658 0.249452 0.239931
1180 -0.226443 0.246472 0.236838
1181 -0.230412 0.250151 0.240656
1182 -0.228241 0.248139 0.238568
1183 -0.229880 0.249658 0.240145
1184 -0.229708 0.249498 0.239979
1185 -0.231668 0.251315 0.241865
1186 -0.230645 0.250366 0.240880
1187 -0.230800 0.250510 0.241029
1188 -0.230481 0.250214 0.240723
1189 -0.234880 0.254291 0.244954
1190 -0.231207 0.250888 0.241422
1191 -0.234674 0.254100 0.244756
1192 -0.232361 0.251957 0.242532
1193 -0.236371 0.255673 0.246389
1194 -0.234292 0.253746 0.244389
1195 -0.237617 0.256829 0.247588
1196 -0.235450 0.254820 0.245503
1197 -0.239630 0.258694 0.249524
1198 -0.238471 0.257620 0.248409
1199 -0.241079 0.260037 0.250918
1200 -0.238759 0.257886 0.248686
1201 -0.242693 0.261532 0.252470
1202 -0.240063 0.259095 0.249941
1203 -0.245157 0.263816 0.254841
1204 -0.242177 0.261054 0.251974
1205 -0.246389 0.264958 0.256026
1206 -0.243971 0.262717 0.253701
1207 -0.248426 0.266846 0.257986
1208 -0.245313 0.263961 0.254992
1209 -0.249049 0.267423 0.258585
1210 -0.245749 0.264364 0.255410
1211 -0.249434 0.267780 0.258956
1212 -0.246717 0.265261 0.256341
1213 -0.250374 0.268651 0.259860
1214 -0.247389 0.265885 0.256988
1215 -0.250967 0.269201 0.260431
1216 -0.247151 0.265664 0.256759
1217 -0.252925 0.271015 0.262313
1218 -0.248992 0.267370 0.258530
1219 -0.254218 0.272214 0.263558
1220 -0.250404 0.268679 0.259889
1221 -0.255176 0.273101 0.264479
1222 -0.251143 0.269364 0.260600
1223 -0.255781 0.273662 0.265061
1224 -0.252583 0.270698 0.261984
1225 -0.257450 0.275209 0.266666
1226 -0.253628 0.271667 0.262990
1227 -0.257467 0.275225 0.266683
1228 -0.255819 0.273697 0.265098
1229 -0.259315 0.276937 0.268461
1230 -0.256873 0.274674 0.266112
1231 -0.260617 0.278144 0.269714
1232 -0.257643 0.275388 0.266853
1233 -0.259835 0.277419 0.268961
1234 -0.257691 0.275432 0.266899
1235 -0.259929 0.277506 0.269052
1236 -0.258494 0.276176 0.267671
1237 -0.261917 0.279349 0.270964
1238 -0.260184 0.277742 0.269297
1239 -0.262877 0.280239 0.271888
1240 -0.262185 0.279597 0.271222
1241 -0.264598 0.281833 0.273543
1242 -0.262993 0.280346 0.271999
1243 -0.266846 0.283917 0.275706
1244 -0.265393 0.282570 0.274308
1245 -0.267750 0.284755 0.276576
1246 -0.264774 0.281996 0.273712
1247 -0.268862 0.285785 0.277645
1248 -0.266171 0.283292 0.275057
1249 -0.268211 0.285182 0.277019
1250 -0.264954 0.282163 0.273886
1251 -0.269781 0.286637 0.278530
1252 -0.265245 0.282433 0.274166
1253 -0.269080 0.285987 0.277855
1254 -0.264471 0.281716 0.273421
1255 -0.269317 0.286207 0.278083
1256 -0.267170 0.284217 0.276017
1257 -0.270200 0.287025 0.278932
1258 -0.267921 0.284913 0.276740
1259 -0.270547 0.287347 0.279266
1260 -0.269263 0.286157 0.278031
1261 -0.270918 0.287691 0.279623
1262 -0.269358 0.286245 0.278122
1263 -0.273050 0.289667 0.281674
1264 -0.271343 0.288085 0.280032
1265 -0.273463 0.290050 0.282072
1266 -0.273768 0.290332 0.282364
1267 -0.275779 0.292196 0.284300
1268 -0.275910 0.292317 0.284425
1269 -0.278872 0.295063 0.287275
1270 -0.276976 0.293306 0.285451
1271 -0.279865 0.295983 0.288230
1272 -0.280703 0.296759 0.289036
1273 -0.282672 0.298584 0.290930
1274 -0.281937 0.297903 0.290224
1275 -0.283289 0.299156 0.291524
1276 -0.283554 0.299401 0.291779
1277 -0.283753 0.299586 0.291970
1278 -0.285726 0.301414 0.293868
1279 -0.285898 0.301574 0.294034
1280 -0.286534 0.302163 0.294645
1281 -0.288212 0.303718 0.296260
1282 -0.286689 0.302307 0.294795
1283 -0.288296 0.303796 0.296340
1284 -0.286796 0.302406 0.294897
1285 -0.288772 0.304237 0.296798
1286 -0.287280 0.302855 0.295363
1287 -0.288330 0.303828 0.296373
1288 -0.287085 0.302674 0.295176
1289 -0.290458 0.305800 0.298420
1290 -0.288991 0.304441 0.297009
1291 -0.290016 0.305390 0.297995
1292 -0.289350 0.304774 0.297355
1293 -0.289182 0.304618 0.297193
1294 -0.289235 0.304666 0.297244
1295 -0.289994 0.305370 0.297974
1296 -0.288872 0.304331 0.296895
1297 -0.290493 0.305832 0.298454
1298 -0.290144 0.305510 0.298119
1299 -0.291546 0.306809 0.299467
1300 -0.292646 0.307828 0.300526
1301 -0.291884 0.307122 0.299792
1302 -0.291607 0.306865 0.299526
1303 -0.293707 0.308811 0.301546
1304 -0.293085 0.308235 0.300948
1305 -0.294126 0.309200 0.301949
1306 -0.294783 0.309808 0.302581
1307 -0.295281 0.310270 0.303060
1308 -0.295282 0.310271 0.303061
1309 -0.294850 0.309870 0.302646
1310 -0.294899 0.309916 0.302693
1311 -0.296914 0.311784 0.304632
1312 -0.295954 0.310894 0.303708
1313 -0.296874 0.311747 0.304593
1314 -0.298332 0.313097 0.305995
1315 -0.299245 0.313943 0.306873
1316 -0.297945 0.312739 0.305624
1317 -0.300433 0.315045 0.308017
1318 -0.298564 0.313313 0.306219
1319 -0.299743 0.314405 0.307353
1320 -0.298820 0.313550 0.306465
1321 -0.300754 0.315342 0.308325
1322 -0.300623 0.315221 0.308199
1323 -0.299874 0.314527 0.307479
1324 -0.303111 0.317527 0.310593
1325 -0.300273 0.314897 0.307863
1326 -0.302063 0.316555 0.309584
1327 -0.301370 0.315913 0.308918
1328 -0.302736 0.317179 0.310232
1329 -0.303468 0.317857 0.310936
1330 -0.303053 0.317473 0.310537
1331 -0.303856 0.318217 0.311309
1332 -0.303429 0.317821 0.310898
1333 -0.304943 0.319225 0.312355
1334 -0.306357 0.320535 0.313715
1335 -0.305433 0.319679 0.312827
1336 -0.305690 0.319917 0.313074
1337 -0.306944 0.321080 0.314281
1338 -0.305789 0.320009 0.313169
1339 -0.308542 0.322560 0.315818
1340 -0.307043 0.321171 0.314376
1341 -0.308814 0.322812 0.316079
1342 -0.310578 0.324447 0.317776
1343 -0.309231 0.323199 0.316480
1344 -0.310515 0.324389 0.317715
1345 -0.309071 0.323050 0.316326
1346 -0.311014 0.324851 0.318195
1347 -0.310582 0.324450 0.317780
1348 -0.311037 0.324873 0.318218
1349 -0.311640 0.325431 0.318798
1350 -0.311663 0.325453 0.318820
1351 -0.312810 0.326516 0.319923
1352 -0.313641 0.327285 0.320722
1353 -0.313173 0.326852 0.320272
1354 -0.313921 0.327545 0.320992
1355 -0.313524 0.327177 0.320610
1356 -0.314324 0.327919 0.321380
1357 -0.315276 0.328802 0.322296
1358 -0.313971 0.327591 0.321040
1359 -0.316522 0.329956 0.323494
1360 -0.317230 0.330612 0.324176
1361 -0.316374 0.329818 0.323351
1362 -0.318378 0.331676 0.325280
1363 -0.315303 0.328826 0.322322
1364 -0.319838 0.333029 0.326684
1365 -0.315806 0.329292 0.322805
1366 -0.318638 0.331917 0.325530
1367 -0.316914 0.330319 0.323871
1368 -0.318490 0.331780 0.325388
1369 -0.317462 0.330827 0.324398
1370 -0.320210 0.333373 0.327042
1371 -0.317512 0.330873 0.324446
1372 -0.319686 0.332888 0.326538
1373 -0.318344 0.331645 0.325247
1374 -0.320792 0.333913 0.327601
1375 -0.318967 0.332222 0.325846
1376 -0.321231 0.334320 0.328024
1377 -0.319093 0.332338 0.325967
1378 -0.320211 0.333374 0.327043
1379 -0.318854 0.332117 0.325738
1380 -0.321173 0.334266 0.327968
1381 -0.320122 0.333293 0.326958
1382 -0.322770 0.335746 0.329505
1383 -0.320378 0.333530 0.327204
1384 -0.322804 0.335778 0.329537
1385 -0.321364 0.334443 0.328152
1386 -0.321578 0.334642 0.328358
1387 -0.319991 0.333171 0.326831
1388 -0.320044 0.333220 0.326882
1389 -0.321126 0.334222 0.327923
1390 -0.320657 0.333788 0.327472
1391 -0.320317 0.333473 0.327145
1392 -0.321414 0.334490 0.328200
1393 -0.320261 0.333421 0.327091
1394 -0.321849 0.334893 0.328619
1395 -0.320814 0.333934 0.327623
1396 -0.321245 0.334333 0.328037
1397 -0.320092 0.333265 0.326929
1398 -0.320995 0.334101 0.327797
1399 -0.320582 0.333719 0.327400
1400 -0.323900 0.336793 0.330591
1401 -0.323058 0.336013 0.329782
1402 -0.324030 0.336914 0.330717
1403 -0.323707 0.336615 0.330406
1404 -0.324543 0.337390 0.331210
1405 -0.323554 0.336473 0.330259
1406 -0.326134 0.338864 0.332741
1407 -0.325262 0.338056 0.331902
1408 -0.325705 0.338467 0.332328
1409 -0.324924 0.337742 0.331577
1410 -0.326789 0.339471 0.333371
1411 -0.325685 0.338448 0.332309
1412 -0.328208 0.340786 0.334736
1413 -0.327121 0.339779 0.333690
1414 -0.329892 0.342347 0.336356
1415 -0.327584 0.340208 0.334135
1416 -0.327631 0.340251 0.334181
1417 -0.327566 0.340192 0.334119
1418 -0.326581 0.339278 0.333170
1419 -0.329346 0.341841 0.335830
1420 -0.327952 0.340549 0.334489
1421 -0.329912 0.342366 0.336376
1422 -0.329530 0.342012 0.336008
1423 -0.331262 0.343617 0.337674
1424 -0.330983 0.343358 0.337406
1425 -0.332013 0.344313 0.338397
1426 -0.332447 0.344715 0.338814
1427 -0.333576 0.345761 0.339900
1428 -0.333884 0.346046 0.340196
1429 -0.335554 0.347595 0.341803
1430 -0.335544 0.347585 0.341794
1431 -0.336232 0.348223 0.342455
1432 -0.336294 0.348280 0.342515
1433 -0.335694 0.347724 0.341937
1434 -0.337345 0.349254 0.343526
1435 -0.337613 0.349503 0.343784
1436 -0.340014 0.351728 0.346094
1437 -0.341214 0.352840 0.347247
1438 -0.341530 0.353133 0.347552
1439 -0.341876 0.353454 0.347885
1440 -0.342874 0.354379 0.348845
1441 -0.343237 0.354715 0.349194
1442 -0.344362 0.355758 0.350276
1443 -0.345112 0.356452 0.350997
1444 -0.344482 0.355869 0.350392
1445 -0.345538 0.356848 0.351408
1446 -0.344650 0.356024 0.350553
1447 -0.344498 0.355883 0.350407
1448 -0.345109 0.356450 0.350995
1449 -0.345672 0.356971 0.351536
1450 -0.346752 0.357972 0.352575
1451 -0.345298 0.356625 0.351177
1452 -0.347464 0.358632 0.353260
1453 -0.346121 0.357388 0.351968
1454 -0.348663 0.359744 0.354414
1455 -0.347251 0.358435 0.353056
1456 -0.349441 0.360465 0.355163
1457 -0.349538 0.360554 0.355255
1458 -0.352234 0.363053 0.357849
1459 -0.349558 0.360573 0.355274
1460 -0.351307 0.362194 0.356957
1461 -0.352641 0.363431 0.358241
1462 -0.352808 0.363585 0.358402
1463 -0.353559 0.364281 0.359124
1464 -0.353813 0.364516 0.359368
1465 -0.354185 0.364861 0.359726
1466 -0.353697 0.364409 0.359256
1467 -0.353953 0.364646 0.359503
1468 -0.355628 0.366199 0.361115
1469 -0.355265 0.365863 0.360765
1470 -0.356745 0.367234 0.362189
1471 -0.355633 0.366203 0.361119
1472 -0.356086 0.366623 0.361555
1473 -0.357045 0.367512 0.362477
1474 -0.358362 0.368733 0.363744
1475 -0.356753 0.367241 0.362196
1476 -0.359848 0.370110 0.365174
1477 -0.356592 0.367092 0.362042
1478 -0.360727 0.370924 0.366019
1479 -0.357836 0.368245 0.363238
1480 -0.361524 0.371663 0.366786
1481 -0.359132 0.369446 0.364485
1482 -0.362308 0.372390 0.367540
1483 -0.358920 0.369249 0.364281
1484 -0.361753 0.371875 0.367006
1485 -0.359086 0.369403 0.364441
1486 -0.363545 0.373536 0.368730
1487 -0.361490 0.371632 0.366754
1488 -0.365107 0.374984 0.370233
1489 -0.362963 0.372997 0.368171
1490 -0.365470 0.375320 0.370582
1491 -0.363326 0.373333 0.368519
1492 -0.366549 0.376320 0.371620
1493 -0.365064 0.374944 0.370192
1494 -0.367695 0.377382 0.372723
1495 -0.365874 0.375695 0.370971
1496 -0.368846 0.378449 0.373830
1497 -0.367980 0.377646 0.372997
1498 -0.369276 0.378847 0.374243
1499 -0.369587 0.379135 0.374542
1500 -0.370327 0.379821 0.375254
1501 -0.369837 0.379367 0.374783
1502 -0.370574 0.380051 0.375493
1503 -0.370008 0.379526 0.374948
1504 -0.369633 0.379178 0.374586
1505 -0.370199 0.379703 0.375132
1506 -0.367863 0.377538 0.372884
1507 -0.368840 0.378444 0.373824
1508 -0.368873 0.378473 0.373855
1509 -0.368388 0.378024 0.373389
1510 -0.367947 0.377615 0.372965
1511 -0.368501 0.378129 0.373498
1512 -0.368206 0.377855 0.373214
1513 -0.369099 0.378683 0.374073
1514 -0.370467 0.379951 0.375389
1515 -0.369630 0.379176 0.374584
1516 -0.371344 0.380764 0.376233
1517 -0.371429 0.380842 0.376314
1518 -0.373526 0.382786 0.378332
1519 -0.370991 0.380437 0.375894
1520 -0.372774 0.382089 0.377608
1521 -0.370800 0.380260 0.375710
1522 -0.373244 0.382525 0.378061
1523 -0.371709 0.381103 0.376584
1524 -0.372954 0.382256 0.377781
1525 -0.373120 0.382409 0.377941
1526 -0.372793 0.382107 0.377627
1527 -0.372472 0.381809 0.377318
1528 -0.373185 0.382470 0.378004
1529 -0.373135 0.382424 0.377956
1530 -0.374672 0.383848 0.379434
1531 -0.374465 0.383657 0.379235
1532 -0.375088 0.384234 0.379835
1533 -0.373122 0.382411 0.377943
1534 -0.374323 0.383524 0.379098
1535 -0.373975 0.383202 0.378763
1536 -0.375209 0.384346 0.379951
1537 -0.374016 0.383241 0.378804
1538 -0.377606 0.386567 0.382257
1539 -0.374495 0.383684 0.379264
1540 -0.376001 0.385080 0.380713
1541 -0.376970 0.385978 0.381646
1542 -0.377745 0.386696 0.382391
1543 -0.377793 0.386741 0.382437
1544 -0.378756 0.387634 0.383364
1545 -0.379391 0.388222 0.383974
1546 -0.379514 0.388336 0.384093
1547 -0.380729 0.389462 0.385261
1548 -0.379932 0.388723 0.384495
1549 -0.380720 0.389454 0.385253
1550 -0.381003 0.389716 0.385525
1551 -0.381640 0.390306 0.386138
1552 -0.380409 0.389165 0.384953
1553 -0.380705 0.389439 0.385238
1554 -0.380732 0.389465 0.385264
1555 -0.380082 0.388862 0.384639
1556 -0.381420 0.390102 0.385926
1557 -0.381494 0.390171 0.385997
1558 -0.382380 0.390991 0.386849
1559 -0.384227 0.392703 0.388626
1560 -0.383664 0.392182 0.388085
1561 -0.384429 0.392891 0.388821
1562 -0.383858 0.392362 0.388272
1563 -0.384325 0.392795 0.388721
1564 -0.385540 0.393920 0.389889
1565 -0.385840 0.394199 0.390178
1566 -0.386049 0.394393 0.390380
1567 -0.386234 0.394564 0.390557
1568 -0.388034 0.396232 0.392289
1569 -0.386405 0.394722 0.390722
1570 -0.387674 0.395898 0.391942
1571 -0.387970 0.396173 0.392227
1572 -0.389065 0.397188 0.393281
1573 -0.387761 0.395979 0.392026
1574 -0.390392 0.398417 0.394557
1575 -0.389584 0.397669 0.393780
1576 -0.390576 0.398588 0.394734
1577 -0.390620 0.398628 0.394776
1578 -0.391184 0.399151 0.395319
1579 -0.391914 0.399828 0.396021
1580 -0.390323 0.398353 0.394491
1581 -0.391777 0.399701 0.395889
1582 -0.391023 0.399002 0.395164
1583 -0.393849 0.401621 0.397882
1584 -0.392676 0.400534 0.396755
1585 -0.394320 0.402057 0.398335
1586 -0.394071 0.401827 0.398097
1587 -0.394016 0.401776 0.398044
1588 -0.392991 0.400826 0.397057
1589 -0.395167 0.402842 0.399150
1590 -0.394569 0.402289 0.398576
1591 -0.395261 0.402930 0.399242
1592 -0.394684 0.402395 0.398686
1593 -0.396559 0.404133 0.400490
1594 -0.394003 0.401764 0.398031
1595 -0.396232 0.403830 0.400175
1596 -0.394455 0.402183 0.398466
1597 -0.396404 0.403989 0.400341
1598 -0.395589 0.403234 0.399557
1599 -0.395745 0.403378 0.399707
1600 -0.394959 0.402650 0.398950
1601 -0.395272 0.402940 0.399251
1602 -0.395342 0.403005 0.399319
1603 -0.396796 0.404352 0.400717
1604 -0.395285 0.402952 0.399264
1605 -0.395764 0.403396 0.399725
1606 -0.395357 0.403018 0.399333
1607 -0.395870 0.403494 0.399827
1608 -0.393225 0.401043 0.397282
1609 -0.392875 0.400718 0.396946
1610 -0.395464 0.403118 0.399437
1611 -0.395104 0.402784 0.399090
1612 -0.396159 0.403762 0.400105
1613 -0.397113 0.404646 0.401022
1614 -0.397851 0.405330 0.401732
1615 -0.398431 0.405867 0.402290
1616 -0.397299 0.404818 0.401201
1617 -0.396771 0.404329 0.400694
1618 -0.397710 0.405200 0.401597
1619 -0.397760 0.405246 0.401645
1620 -0.398735 0.406150 0.402583
1621 -0.398715 0.406131 0.402564
1622 -0.400267 0.407569 0.404057
1623 -0.400093 0.407408 0.403890
1624 -0.402033 0.409206 0.405756
1625 -0.400144 0.407455 0.403938
1626 -0.402377 0.409525 0.406087
1627 -0.401336 0.408560 0.405086
1628 -0.403524 0.410588 0.407190
1629 -0.404016 0.411044 0.407664
1630 -0.405658 0.412565 0.409243
1631 -0.405104 0.412052 0.408710
1632 -0.406360 0.413216 0.409918
1633 -0.405651 0.412559 0.409236
1634 -0.406946 0.413759 0.410482
1635 -0.406396 0.413250 0.409953
1636 -0.408503 0.415202 0.411980
1637 -0.406756 0.413583 0.410300
1638 -0.409303 0.415943 0.412749
1639 -0.407191 0.413986 0.410717
1640 -0.408430 0.415135 0.411910
1641 -0.408001 0.414737 0.411497
1642 -0.409679 0.416292 0.413112
1643 -0.409699 0.416311 0.413131
1644 -0.411354 0.417845 0.414723
1645 -0.410984 0.417502 0.414367
1646 -0.411527 0.418005 0.414889
1647 -0.411878 0.418330 0.415226
1648 -0.412076 0.418513 0.415417
1649 -0.412033 0.418474 0.415376
1650 -0.413654 0.419977 0.416936
1651 -0.413319 0.419665 0.416613
1652 -0.415650 0.421825 0.418855
1653 -0.415075 0.421293 0.418302
1654 -0.416092 0.422235 0.419280
1655 -0.416042 0.422189 0.419233
1656 -0.417484 0.423526 0.420620
1657 -0.417745 0.423767 0.420870
1658 -0.417954 0.423961 0.421071
1659 -0.418273 0.424257 0.421378
1660 -0.417657 0.423686 0.420786
1661 -0.417994 0.423998 0.421110
1662 -0.418590 0.424551 0.421684
1663 -0.418127 0.424122 0.421238
1664 -0.417916 0.423926 0.421035
1665 -0.418884 0.424823 0.421966
1666 -0.417740 0.423763 0.420866
1667 -0.419064 0.424990 0.422139
1668 -0.417074 0.423146 0.420225
1669 -0.417992 0.423996 0.421108
1670 -0.414670 0.420918 0.417913
1671 -0.415318 0.421518 0.418536
1672 -0.414053 0.420346 0.417319
1673 -0.415133 0.421347 0.418358
1674 -0.414546 0.420803 0.417793
1675 -0.415933 0.422088 0.419127
1676 -0.413197 0.419553 0.416496
1677 -0.413811 0.420122 0.417086
1678 -0.413194 0.419549 0.416492
1679 -0.412641 0.419037 0.415961
1680 -0.413088 0.419452 0.416391
1681 -0.412563 0.418965 0.415886
1682 -0.411657 0.418125 0.415014
1683 -0.412399 0.418813 0.415728
1684 -0.411857 0.418311 0.415206
1685 -0.413552 0.419881 0.416837
1686 -0.413577 0.419904 0.416861
1687 -0.414707 0.420952 0.417948
1688 -0.414004 0.420300 0.417272
1689 -0.414549 0.420806 0.417796
1690 -0.415229 0.421435 0.418450
1691 -0.415634 0.421811 0.418839
1692 -0.415395 0.421589 0.418610
1693 -0.414905 0.421135 0.418138
1694 -0.414466 0.420729 0.417716
1695 -0.415256 0.421461 0.418477
1696 -0.414711 0.420956 0.417952
1697 -0.415963 0.422116 0.419156
1698 -0.415458 0.421648 0.418671
1699 -0.415754 0.421923 0.418956
1700 -0.415491 0.421679 0.418703
1701 -0.416559 0.422668 0.419729
1702 -0.417248 0.423307 0.420393
1703 -0.418162 0.424154 0.421272
1704 -0.418844 0.424786 0.421928
1705 -0.418758 0.424706 0.421845
1706 -0.418448 0.424419 0.421547
1707 -0.419452 0.425349 0.422512
1708 -0.419682 0.425563 0.422734
1709 -0.420260 0.426098 0.423290
1710 -0.419512 0.425405 0.422570
1711 -0.419787 0.425660 0.422835
1712 -0.420435 0.426261 0.423459
1713 -0.420791 0.426591 0.423801
1714 -0.421793 0.427519 0.424765
1715 -0.422585 0.428253 0.425526
1716 -0.423921 0.429492 0.426812
1717 -0.423853 0.429428 0.426746
1718 -0.423588 0.429183 0.426492
1719 -0.422638 0.428302 0.425578
1720 -0.423957 0.429525 0.426847
1721 -0.422908 0.428553 0.425838
1722 -0.423756 0.429339 0.426654
1723 -0.423680 0.429268 0.426580
1724 -0.424499 0.430027 0.427368
1725 -0.425128 0.430610 0.427973
1726 -0.425207 0.430684 0.428050
1727 -0.425557 0.431007 0.428386
1728 -0.427181 0.432513 0.429948
1729 -0.427748 0.433039 0.430494
1730 -0.428396 0.433639 0.431117
1731 -0.428829 0.434040 0.431534
1732 -0.428432 0.433672 0.431152
1733 -0.428875 0.434083 0.431578
1734 -0.428431 0.433671 0.431150
1735 -0.429202 0.434385 0.431892
1736 -0.429287 0.434464 0.431974
1737 -0.428554 0.433785 0.431269
1738 -0.428619 0.433846 0.431332
1739 -0.428563 0.433793 0.431277
1740 -0.427918 0.433196 0.430657
1741 -0.427013 0.432357 0.429786
1742 -0.427561 0.432865 0.430313
1743 -0.426667 0.432036 0.429454
1744 -0.426153 0.431560 0.428959
1745 -0.426368 0.431759 0.429166
1746 -0.425338 0.430804 0.428175
1747 -0.425450 0.430908 0.428283
1748 -0.425782 0.431216 0.428602
1749 -0.425608 0.431055 0.428435
1750 -0.425696 0.431137 0.428520
1751 -0.424341 0.429880 0.427216
1752 -0.425215 0.430691 0.428057
1753 -0.424890 0.430390 0.427745
1754 -0.426464 0.431848 0.429258
1755 -0.425990 0.431409 0.428803
1756 -0.425980 0.431399 0.428792
1757 -0.427095 0.432433 0.429865
1758 -0.427254 0.432581 0.430019
1759 -0.426906 0.432258 0.429683
1760 -0.427924 0.433201 0.430663
1761 -0.428522 0.433755 0.431238
1762 -0.427498 0.432806 0.430253
1763 -0.428288 0.433538 0.431013
1764 -0.426755 0.432118 0.429539
1765 -0.426999 0.432344 0.429773
1766 -0.426264 0.431663 0.429066
1767 -0.427019 0.432362 0.429792
1768 -0.427179 0.432511 0.429946
1769 -0.427966 0.433240 0.430704
1770 -0.426466 0.431850 0.429261
1771 -0.427865 0.433147 0.430606
1772 -0.427787 0.433074 0.430531
1773 -0.428316 0.433564 0.431040
1774 -0.428337 0.433584 0.431060
1775 -0.428730 0.433948 0.431439
1776 -0.428784 0.433998 0.431490
1777 -0.429098 0.434290 0.431793
1778 -0.428778 0.433993 0.431485
1779 -0.428553 0.433784 0.431268
1780 -0.429628 0.434781 0.432303
1781 -0.428392 0.433635 0.431113
1782 -0.428945 0.434147 0.431645
1783 -0.429192 0.434376 0.431882
1784 -0.429090 0.434282 0.431785
1785 -0.429124 0.434314 0.431818
1786 -0.429123 0.434312 0.431816
1787 -0.428320 0.433568 0.431044
1788 -0.427865 0.433147 0.430606
1789 -0.427412 0.432727 0.430170
1790 -0.428042 0.433311 0.430776
1791 -0.427319 0.432640 0.430081
1792 -0.427062 0.432403 0.429834
1793 -0.428348 0.433594 0.431071
1794 -0.428754 0.433971 0.431461
1795 -0.427957 0.433232 0.430695
1796 -0.428732 0.433950 0.431441
1797 -0.428045 0.433313 0.430779
1798 -0.428470 0.433707 0.431188
1799 -0.429094 0.434285 0.431788
1800 -0.429463 0.434628 0.432144
1801 -0.429266 0.434445 0.431954
1802 -0.429512 0.434673 0.432191
1803 -0.429995 0.435121 0.432655
1804 -0.430403 0.435499 0.433048
1805 -0.430066 0.435186 0.432724
1806 -0.429711 0.434857 0.432382
1807 -0.429684 0.434833 0.432356
1808 -0.430331 0.435432 0.432978
1809 -0.430649 0.435726 0.433284
1810 -0.431335 0.436363 0.433944
1811 -0.429471 0.434635 0.432152
1812 -0.431237 0.436271 0.433850
1813 -0.429200 0.434384 0.431891
1814 -0.430723 0.435795 0.433356
1815 -0.430110 0.435227 0.432766
1816 -0.430966 0.436020 0.433589
1817 -0.430093 0.435212 0.432750
1818 -0.429535 0.434694 0.432213
1819 -0.429610 0.434764 0.432285
1820 -0.430198 0.435309 0.432851
1821 -0.429921 0.435052 0.432584
1822 -0.430941 0.435997 0.433565
1823 -0.430060 0.435181 0.432718
1824 -0.429920 0.435051 0.432583
1825 -0.430013 0.435137 0.432672
1826 -0.429611 0.434765 0.432286
1827 -0.427927 0.433204 0.430666
1828 -0.429730 0.434875 0.432400
1829 -0.430017 0.435141 0.432676
1830 -0.431381 0.436405 0.433989
1831 -0.431278 0.436310 0.433890
1832 -0.432613 0.437547 0.435174
1833 -0.432178 0.437143 0.434755
1834 -0.433198 0.438089 0.435737
1835 -0.432917 0.437828 0.435466
1836 -0.432929 0.437840 0.435478
1837 -0.432309 0.437265 0.434881
1838 -0.432775 0.437697 0.435330
1839 -0.433558 0.438423 0.436083
1840 -0.433772 0.438621 0.436289
1841 -0.433735 0.438587 0.436253
1842 -0.433382 0.438259 0.435913
1843 -0.433651 0.438509 0.436172
1844 -0.433646 0.438505 0.436168
1845 -0.434379 0.439184 0.436873
1846 -0.434205 0.439022 0.436705
1847 -0.434441 0.439241 0.436932
1848 -0.434923 0.439688 0.437396
1849 -0.432923 0.437834 0.435472
1850 -0.434610 0.439398 0.437095
1851 -0.433893 0.438734 0.436405
1852 -0.433508 0.438377 0.436035
1853 -0.433677 0.438533 0.436197
1854 -0.433596 0.438458 0.436119
1855 -0.432995 0.437901 0.435541
1856 -0.434272 0.439085 0.436770
1857 -0.435485 0.440209 0.437937
1858 -0.436262 0.440929 0.438684
1859 -0.436961 0.441576 0.439356
1860 -0.436425 0.441080 0.438841
1861 -0.436705 0.441339 0.439110
1862 -0.436556 0.441201 0.438967
1863 -0.436157 0.440831 0.438583
1864 -0.437066 0.441673 0.439457
1865 -0.436538 0.441184 0.438949
1866 -0.438228 0.442751 0.440575
1867 -0.438484 0.442988 0.440822
1868 -0.438184 0.442710 0.440533
1869 -0.437690 0.442252 0.440058
1870 -0.438040 0.442576 0.440394
1871 -0.438955 0.443425 0.441275
1872 -0.439355 0.443796 0.441660
1873 -0.440409 0.444772 0.442673
1874 -0.440575 0.444926 0.442833
1875 -0.440091 0.444477 0.442367
1876 -0.440076 0.444464 0.442353
1877 -0.439482 0.443913 0.441781
1878 -0.439521 0.443949 0.441819
1879 -0.438269 0.442789 0.440615
1880 -0.438018 0.442556 0.440373
1881 -0.437800 0.442354 0.440163
1882 -0.437790 0.442345 0.440154
1883 -0.437527 0.442101 0.439901
1884 -0.438292 0.442810 0.440637
1885 -0.437420 0.442002 0.439798
1886 -0.437504 0.442080 0.439879
1887 -0.436233 0.440902 0.438656
1888 -0.436521 0.441169 0.438933
1889 -0.436318 0.440981 0.438738
1890 -0.436589 0.441232 0.438998
1891 -0.438745 0.443230 0.441072
1892 -0.438798 0.443279 0.441123
1893 -0.439331 0.443773 0.441636
1894 -0.440428 0.444789 0.442691
1895 -0.440339 0.444707 0.442606
1896 -0.439597 0.444020 0.441892
1897 -0.440570 0.444921 0.442828
1898 -0.440002 0.444395 0.442282
1899 -0.440600 0.444949 0.442857
1900 -0.440678 0.445022 0.442932
1901 -0.442348 0.446569 0.444539
1902 -0.441515 0.445797 0.443737
1903 -0.442287 0.446512 0.444480
1904 -0.441228 0.445531 0.443461
1905 -0.441020 0.445338 0.443261
1906 -0.440399 0.444762 0.442663
1907 -0.441166 0.445474 0.443402
1908 -0.441337 0.445632 0.443566
1909 -0.441348 0.445642 0.443577
1910 -0.442290 0.446515 0.444483
1911 -0.443999 0.448099 0.446127
1912 -0.443583 0.447714 0.445727
1913 -0.444695 0.448744 0.446796
1914 -0.443678 0.447802 0.445819
1915 -0.443818 0.447931 0.445953
1916 -0.441528 0.445809 0.443750
1917 -0.441622 0.445897 0.443841
1918 -0.441907 0.446160 0.444114
1919 -0.441874 0.446130 0.444082
1920 -0.440646 0.444992 0.442902
1921 -0.440129 0.444513 0.442404
1922 -0.439475 0.443906 0.441774
1923 -0.439226 0.443676 0.441536
1924 -0.440144 0.444526 0.442418
1925 -0.440421 0.444783 0.442685
1926 -0.441248 0.445550 0.443480
1927 -0.441712 0.445980 0.443927
1928 -0.442907 0.447087 0.445076
1929 -0.442389 0.446607 0.444578
1930 -0.441442 0.445730 0.443667
1931 -0.442075 0.446316 0.444276
1932 -0.442827 0.447013 0.444999
1933 -0.441749 0.446014 0.443963
1934 -0.442952 0.447129 0.445120
1935 -0.442378 0.446597 0.444567
1936 -0.441835 0.446094 0.444045
1937 -0.441712 0.445980 0.443927
1938 -0.442157 0.446392 0.444355
1939 -0.442052 0.446295 0.444254
1940 -0.443380 0.447526 0.445531
1941 -0.443085 0.447252 0.445247
1942 -0.444201 0.448287 0.446322
1943 -0.444631 0.448685 0.446735
1944 -0.444770 0.448813 0.446868
1945 -0.446576 0.450488 0.448606
1946 -0.446656 0.450562 0.448683
1947 -0.447762 0.451587 0.449747
1948 -0.447167 0.451035 0.449175
1949 -0.447007 0.450887 0.449020
1950 -0.447060 0.450936 0.449072
1951 -0.447739 0.451565 0.449725
1952 -0.448277 0.452064 0.450242
1953 -0.448982 0.452718 0.450921
1954 -0.448155 0.451951 0.450125
1955 -0.449270 0.452984 0.451198
1956 -0.449520 0.453216 0.451439
1957 -0.448526 0.452295 0.450482
1958 -0.448862 0.452606 0.450805
1959 -0.448527 0.452296 0.450483
1960 -0.448970 0.452706 0.450909
1961 -0.449312 0.453024 0.451239
1962 -0.449280 0.452994 0.451208
1963 -0.451026 0.454612 0.452887
1964 -0.450694 0.454304 0.452568
1965 -0.451396 0.454955 0.453243
1966 -0.452376 0.455863 0.454185
1967 -0.452888 0.456337 0.454678
1968 -0.453212 0.456637 0.454989
1969 -0.452667 0.456133 0.454466
1970 -0.453194 0.456621 0.454972
1971 -0.454548 0.457876 0.456275
1972 -0.456489 0.459675 0.458143
1973 -0.456841 0.460001 0.458481
1974 -0.456489 0.459675 0.458142
1975 -0.457853 0.460939 0.459454
1976 -0.457290 0.460417 0.458913
1977 -0.458412 0.461457 0.459993
1978 -0.458794 0.461811 0.460360
1979 -0.459148 0.462139 0.460700
1980 -0.459216 0.462202 0.460766
1981 -0.459475 0.462442 0.461015
1982 -0.460524 0.463415 0.462024
1983 -0.461014 0.463868 0.462495
1984 -0.460952 0.463811 0.462436
1985 -0.461462 0.464283 0.462926
1986 -0.461365 0.464194 0.462833
1987 -0.461770 0.464569 0.463222
1988 -0.462022 0.464803 0.463465
1989 -0.462712 0.465443 0.464129
1990 -0.463580 0.466246 0.464964
1991 -0.463146 0.465845 0.464547
1992 -0.463995 0.466631 0.465363
1993 -0.462912 0.465628 0.464322
1994 -0.462986 0.465696 0.464392
1995 -0.463500 0.466172 0.464887
1996 -0.463537 0.466206 0.464922
1997 -0.462344 0.465101 0.463775
1998 -0.463169 0.465865 0.464568
1999 -0.462302 0.465062 0.463735
2000 -0.463285 0.465973 0.464680
2001 -0.462626 0.465362 0.464046
2002 -0.462688 0.465420 0.464106
2003 -0.463065 0.465770 0.464469
2004 -0.462973 0.465684 0.464380
2005 -0.462392 0.465145 0.463821
2006 -0.461946 0.464732 0.463392
2007 -0.461742 0.464543 0.463196
2008 -0.461122 0.463968 0.462599
2009 -0.460839 0.463706 0.462327
2010 -0.460535 0.463425 0.462035
2011 -0.461410 0.464235 0.462876
2012 -0.461617 0.464427 0.463076
2013 -0.462111 0.464885 0.463551
2014 -0.461741 0.464542 0.463195
2015 -0.462295 0.465056 0.463728
2016 -0.462066 0.464843 0.463507
2017 -0.462166 0.464936 0.463604
2018 -0.461244 0.464082 0.462717
2019 -0.461969 0.464753 0.463414
2020 -0.462511 0.465256 0.463936
2021 -0.463197 0.465891 0.464595
2022 -0.463292 0.465980 0.464687
2023 -0.463387 0.466068 0.464779
2024 -0.462591 0.465330 0.464012
2025 -0.462854 0.465574 0.464266
2026 -0.462351 0.465108 0.463782
2027 -0.461869 0.464661 0.463318
2028 -0.461299 0.464133 0.462770
2029 -0.461802 0.464599 0.463254
2030 -0.459908 0.462843 0.461431
2031 -0.460262 0.463172 0.461772
2032 -0.460235 0.463146 0.461746
2033 -0.459002 0.462004 0.460560
2034 -0.459547 0.462509 0.461084
2035 -0.460053 0.462977 0.461571
2036 -0.459617 0.462573 0.461151
2037 -0.460027 0.462954 0.461546
2038 -0.459363 0.462338 0.460907
2039 -0.460440 0.463337 0.461943
2040 -0.460389 0.463289 0.461894
2041 -0.461153 0.463998 0.462629
2042 -0.460854 0.463720 0.462341
2043 -0.461304 0.464137 0.462774
2044 -0.461200 0.464041 0.462674
2045 -0.461652 0.464460 0.463109
2046 -0.462122 0.464895 0.463561
2047 -0.462550 0.465292 0.463973
2048 -0.462498 0.465244 0.463923
2049 -0.461814 0.464610 0.463266
2050 -0.462438 0.465189 0.463866
2051 -0.463148 0.465846 0.464548
2052 -0.464384 0.466992 0.465737
2053 -0.463989 0.466626 0.465358
2054 -0.465521 0.468045 0.466831
2055 -0.464729 0.467312 0.466070
2056 -0.465808 0.468312 0.467108
2057 -0.465502 0.468028 0.466813
2058 -0.466161 0.468638 0.467447
2059 -0.466070 0.468554 0.467359
2060 -0.466180 0.468656 0.467465
2061 -0.467229 0.469629 0.468474
2062 -0.466978 0.469396 0.468233
2063 -0.466829 0.469258 0.468089
2064 -0.466594 0.469040 0.467864
2065 -0.467118 0.469525 0.468367
2066 -0.467510 0.469888 0.468744
2067 -0.467482 0.469863 0.468718
2068 -0.468345 0.470663 0.469548
2069 -0.469507 0.471740 0.470666
2070 -0.470085 0.472276 0.471222
2071 -0.469154 0.471413 0.470326
2072 -0.469560 0.471789 0.470717
2073 -0.469153 0.471411 0.470325
2074 -0.469091 0.471354 0.470265
2075 -0.469976 0.472174 0.471117
2076 -0.469474 0.471709 0.470634
2077 -0.468801 0.471085 0.469986
2078 -0.468372 0.470688 0.469574
2079 -0.468169 0.470499 0.469378
2080 -0.467850 0.470204 0.469072
2081 -0.468425 0.470737 0.469625
2082 -0.469254 0.471505 0.470422
2083 -0.469758 0.471972 0.470907
2084 -0.470126 0.472313 0.471261
2085 -0.470934 0.473062 0.472038
2086 -0.471384 0.473479 0.472471
2087 -0.471838 0.473900 0.472908
2088 -0.472052 0.474098 0.473114
2089 -0.471066 0.473185 0.472166
2090 -0.470298 0.472472 0.471426
2091 -0.469800 0.472011 0.470947
2092 -0.470074 0.472265 0.471211
2093 -0.470013 0.472208 0.471152
2094 -0.470196 0.472378 0.471328
2095 -0.471308 0.473409 0.472398
2096 -0.471203 0.473312 0.472298
2097 -0.472298 0.474327 0.473351
2098 -0.472634 0.474638 0.473674
2099 -0.472107 0.474150 0.473167
2100 -0.471232 0.473339 0.472326
2101 -0.471954 0.474008 0.473020
2102 -0.472619 0.474624 0.473660
2103 -0.472949 0.474930 0.473977
2104 -0.473123 0.475091 0.474144
2105 -0.472882 0.474867 0.473912
2106 -0.472598 0.474604 0.473639
2107 -0.472956 0.474936 0.473984
2108 -0.472779 0.474772 0.473813
2109 -0.471881 0.473939 0.472949
2110 -0.472225 0.474258 0.473280
2111 -0.472268 0.474299 0.473322
2112 -0.471819 0.473882 0.472890
2113 -0.471980 0.474031 0.473044
2114 -0.472168 0.474206 0.473226
2115 -0.472744 0.474739 0.473779
2116 -0.472955 0.474935 0.473983
2117 -0.473595 0.475528 0.474598
2118 -0.473080 0.475051 0.474103
2119 -0.473935 0.475844 0.474926
2120 -0.474339 0.476218 0.475314
2121 -0.474377 0.476253 0.475351
2122 -0.474098 0.475994 0.475082
2123 -0.473320 0.475273 0.474334
2124 -0.472760 0.474755 0.473796
2125 -0.471796 0.473861 0.472868
2126 -0.471087 0.473204 0.472186
2127 -0.471566 0.473648 0.472647
2128 -0.471473 0.473562 0.472557
2129 -0.470659 0.472807 0.471774
2130 -0.470503 0.472663 0.471624
2131 -0.471081 0.473198 0.472179
2132 -0.472158 0.474197 0.473216
2133 -0.472218 0.474253 0.473274
2134 -0.472262 0.474293 0.473316
2135 -0.472965 0.474945 0.473993
2136 -0.471929 0.473984 0.472996
2137 -0.473217 0.475178 0.474235
2138 -0.473220 0.475180 0.474237
2139 -0.473551 0.475487 0.474556
2140 -0.474351 0.476229 0.475326
2141 -0.474930 0.476766 0.475883
2142 -0.475316 0.477123 0.476254
2143 -0.475164 0.476982 0.476107
2144 -0.475272 0.477083 0.476212
2145 -0.475138 0.476959 0.476083
2146 -0.475427 0.477226 0.476361
2147 -0.475810 0.477581 0.476729
2148 -0.475955 0.477715 0.476868
2149 -0.476539 0.478256 0.477430
2150 -0.476210 0.477952 0.477114
2151 -0.476586 0.478300 0.477476
2152 -0.476397 0.478125 0.477294
2153 -0.476944 0.478632 0.477820
2154 -0.477765 0.479393 0.478610
2155 -0.479120 0.480648 0.479913
2156 -0.478764 0.480319 0.479571
2157 -0.478759 0.480314 0.479566
2158 -0.478443 0.480022 0.479263
2159 -0.478216 0.479811 0.479044
2160 -0.478384 0.479966 0.479205
2161 -0.477949 0.479563 0.478787
2162 -0.477444 0.479096 0.478301
2163 -0.478006 0.479617 0.478842
2164 -0.479277 0.480794 0.480065
2165 -0.480688 0.482102 0.481421
2166 -0.481742 0.483079 0.482436
2167 -0.482048 0.483362 0.482730
2168 -0.482049 0.483364 0.482731
2169 -0.482216 0.483518 0.482892
2170 -0.481535 0.482887 0.482236
2171 -0.481926 0.483249 0.482613
2172 -0.480835 0.482238 0.481563
2173 -0.480750 0.482160 0.481482
2174 -0.481006 0.482397 0.481728
2175 -0.480831 0.482234 0.481559
2176 -0.480728 0.482139 0.481461
2177 -0.481010 0.482400 0.481732
2178 -0.481077 0.482462 0.481796
2179 -0.480874 0.482275 0.481601
2180 -0.481740 0.483077 0.482434
2181 -0.481130 0.482511 0.481847
2182 -0.481704 0.483043 0.482399
2183 -0.481049 0.482436 0.481769
2184 -0.481131 0.482513 0.481848
2185 -0.481009 0.482400 0.481731
2186 -0.480897 0.482296 0.481623
2187 -0.480326 0.481766 0.481074
2188 -0.479813 0.481291 0.480580
2189 -0.480125 0.481580 0.480880
2190 -0.480684 0.482098 0.481418
2191 -0.481098 0.482482 0.481816
2192 -0.480709 0.482121 0.481442
2193 -0.481028 0.482418 0.481749
2194 -0.481406 0.482767 0.482112
2195 -0.481868 0.483196 0.482557
2196 -0.480776 0.482184 0.481507
2197 -0.480430 0.481863 0.481174
2198 -0.480132 0.481587 0.480887
2199 -0.480716 0.482128 0.481449
2200 -0.479715 0.481200 0.480486
2201 -0.480548 0.481972 0.481287
2202 -0.480339 0.481778 0.481086
2203 -0.481839 0.483169 0.482529
2204 -0.483029 0.484272 0.483674
2205 -0.484241 0.485395 0.484840
2206 -0.484949 0.486051 0.485521
2207 -0.483771 0.484960 0.484388
2208 -0.483649 0.484846 0.484270
2209 -0.483299 0.484522 0.483934
2210 -0.483147 0.484381 0.483787
2211 -0.483897 0.485076 0.484509
2212 -0.482509 0.483790 0.483174
2213 -0.482897 0.484149 0.483547
2214 -0.482477 0.483760 0.483143
2215 -0.482392 0.483681 0.483061
2216 -0.482523 0.483803 0.483188
2217 -0.481927 0.483250 0.482613
2218 -0.481685 0.483026 0.482380
2219 -0.482428 0.483715 0.483096
2220 -0.481536 0.482888 0.482237
2221 -0.481711 0.483050 0.482406
2222 -0.481582 0.482930 0.482281
2223 -0.482573 0.483849 0.483236
2224 -0.482573 0.483849 0.483235
2225 -0.483496 0.484705 0.484123
2226 -0.483032 0.484275 0.483677
2227 -0.482552 0.483829 0.483215
2228 -0.481358 0.482723 0.482066
2229 -0.480809 0.482214 0.481538
2230 -0.479910 0.481381 0.480673
2231 -0.480592 0.482013 0.481329
2232 -0.480799 0.482205 0.481529
2233 -0.481343 0.482709 0.482052
2234 -0.482241 0.483542 0.482916
2235 -0.481832 0.483163 0.482523
2236 -0.481127 0.482509 0.481844
2237 -0.480231 0.481678 0.480982
2238 -0.480306 0.481748 0.481054
2239 -0.479951 0.481419 0.480713
2240 -0.480706 0.482119 0.481439
2241 -0.480733 0.482143 0.481465
2242 -0.480533 0.481959 0.481273
2243 -0.481055 0.482443 0.481775
2244 -0.481652 0.482995 0.482349
2245 -0.482376 0.483666 0.483046
2246 -0.482774 0.484035 0.483428
2247 -0.482383 0.483673 0.483052
2248 -0.481610 0.482957 0.482309
2249 -0.480665 0.482080 0.481399
2250 -0.480367 0.481804 0.481113
2251 -0.481299 0.482668 0.482010
2252 -0.481984 0.483303 0.482668
2253 -0.482092 0.483403 0.482773
2254 -0.482593 0.483868 0.483255
2255 -0.483203 0.484433 0.483842
2256 -0.481952 0.483273 0.482638
2257 -0.481396 0.482759 0.482103
2258 -0.481679 0.483020 0.482375
2259 -0.481236 0.482610 0.481949
2260 -0.482150 0.483457 0.482828
2261 -0.482106 0.483416 0.482786
2262 -0.481252 0.482624 0.481964
2263 -0.481455 0.482813 0.482160
2264 -0.480435 0.481868 0.481179
2265 -0.480460 0.481890 0.481202
2266 -0.480740 0.482150 0.481472
2267 -0.479656 0.481145 0.480429
2268 -0.479506 0.481007 0.480285
2269 -0.479947 0.481415 0.480709
2270 -0.480254 0.481700 0.481005
2271 -0.481311 0.482680 0.482022
2272 -0.482029 0.483345 0.482712
2273 -0.481850 0.483179 0.482540
2274 -0.480919 0.482317 0.481645
2275 -0.480590 0.482011 0.481328
2276 -0.479276 0.480793 0.480063
2277 -0.478544 0.480115 0.479359
2278 -0.477640 0.479277 0.478490
2279 -0.477788 0.479414 0.478632
2280 -0.477405 0.479059 0.478264
2281 -0.477576 0.479218 0.478428
2282 -0.477707 0.479339 0.478554
2283 -0.477259 0.478924 0.478123
2284 -0.477943 0.479558 0.478781
2285 -0.477245 0.478911 0.478110
2286 -0.476721 0.478425 0.477605
2287 -0.477127 0.478801 0.477996
2288 -0.476987 0.478672 0.477862
2289 -0.477331 0.478991 0.478192
2290 -0.477630 0.479268 0.478480
2291 -0.477577 0.479219 0.478429
2292 -0.477857 0.479478 0.478698
2293 -0.479153 0.480680 0.479946
2294 -0.479327 0.480841 0.480113
2295 -0.479547 0.481045 0.480324
2296 -0.479837 0.481313 0.480603
2297 -0.480490 0.481919 0.481232
2298 -0.481200 0.482577 0.481915
2299 -0.480920 0.482317 0.481645
2300 -0.480267 0.481712 0.481017
2301 -0.479149 0.480675 0.479941
2302 -0.478892 0.480437 0.479694
2303 -0.478966 0.480506 0.479765
2304 -0.479929 0.481399 0.480692
2305 -0.480376 0.481812 0.481121
2306 -0.480017 0.481480 0.480777
2307 -0.480615 0.482034 0.481352
2308 -0.479973 0.481440 0.480734
2309 -0.480871 0.482272 0.481598
2310 -0.481396 0.482758 0.482103
2311 -0.481703 0.483043 0.482399
2312 -0.482662 0.483931 0.483321
2313 -0.483547 0.484751 0.484172
2314 -0.483111 0.484348 0.483753
2315 -0.482230 0.483531 0.482905
2316 -0.481832 0.483162 0.482522
2317 -0.481865 0.483193 0.482554
2318 -0.481593 0.482940 0.482292
2319 -0.481702 0.483042 0.482397
2320 -0.480690 0.482104 0.481424
2321 -0.480624 0.482043 0.481360
2322 -0.480784 0.482191 0.481514
2323 -0.480913 0.482311 0.481639
2324 -0.480606 0.482026 0.481343
2325 -0.479443 0.480948 0.480224
2326 -0.479172 0.480697 0.479964
2327 -0.478583 0.480151 0.479396
2328 -0.479505 0.481006 0.480284
2329 -0.479751 0.481234 0.480521
2330 -0.479515 0.481015 0.480293
2331 -0.479784 0.481264 0.480552
2332 -0.480405 0.481839 0.481149
2333 -0.479952 0.481420 0.480713
2334 -0.479191 0.480715 0.479982
2335 -0.479002 0.480540 0.479800
2336 -0.478843 0.480392 0.479647
2337 -0.477921 0.479538 0.478760
2338 -0.478126 0.479728 0.478958
2339 -0.477618 0.479257 0.478469
2340 -0.477559 0.479202 0.478411
2341 -0.478057 0.479664 0.478891
2342 -0.477805 0.479430 0.478648
2343 -0.477937 0.479553 0.478776
2344 -0.477697 0.479330 0.478545
2345 -0.478299 0.479888 0.479124
2346 -0.478573 0.480142 0.479387
2347 -0.479046 0.480580 0.479842
2348 -0.479907 0.481378 0.480670
2349 -0.480132 0.481587 0.480887
2350 -0.480312 0.481753 0.481060
2351 -0.480152 0.481606 0.480907
2352 -0.480378 0.481814 0.481123
2353 -0.480786 0.482193 0.481516
2354 -0.480785 0.482192 0.481515
2355 -0.480790 0.482196 0.481520
2356 -0.479570 0.481066 0.480347
2357 -0.480218 0.481666 0.480969
2358 -0.480497 0.481925 0.481238
2359 -0.480934 0.482330 0.481658
2360 -0.481889 0.483215 0.482577
2361 -0.480805 0.482210 0.481534
2362 -0.480643 0.482061 0.481379
2363 -0.481219 0.482594 0.481933
2364 -0.481169 0.482548 0.481885
2365 -0.481715 0.483054 0.482410
2366 -0.482510 0.483791 0.483175
2367 -0.483753 0.484942 0.484370
2368 -0.484285 0.485435 0.484882
2369 -0.484506 0.485641 0.485095
2370 -0.484210 0.485366 0.484810
2371 -0.483966 0.485140 0.484576
2372 -0.484684 0.485805 0.485266
2373 -0.485379 0.486450 0.485935
2374 -0.485620 0.486672 0.486166
2375 -0.485475 0.486539 0.486027
2376 -0.485457 0.486522 0.486010
2377 -0.485911 0.486943 0.486446
2378 -0.486403 0.487399 0.486920
2379 -0.486027 0.487050 0.486558
2380 -0.484943 0.486046 0.485515
2381 -0.483998 0.485170 0.484606
2382 -0.483576 0.484778 0.484200
2383 -0.484366 0.485510 0.484960
2384 -0.484625 0.485751 0.485209
2385 -0.485642 0.486693 0.486188
2386 -0.485834 0.486871 0.486372
2387 -0.485420 0.486487 0.485974
2388 -0.485194 0.486278 0.485756
2389 -0.484844 0.485953 0.485420
2390 -0.484750 0.485867 0.485330
2391 -0.484332 0.485480 0.484928
2392 -0.484132 0.485294 0.484735
2393 -0.483795 0.484982 0.484411
2394 -0.483389 0.484605 0.484020
2395 -0.482975 0.484222 0.483622
2396 -0.481922 0.483246 0.482609
2397 -0.481720 0.483058 0.482415
2398 -0.481619 0.482965 0.482318
2399 -0.481203 0.482579 0.481917
2400 -0.480230 0.481678 0.480981
2401 -0.479829 0.481306 0.480595
2402 -0.479200 0.480723 0.479990
2403 -0.477731 0.479362 0.478577
2404 -0.477694 0.479327 0.478542
2405 -0.476980 0.478665 0.477855
2406 -0.476868 0.478562 0.477747
2407 -0.477906 0.479524 0.478746
2408 -0.477632 0.479270 0.478482
2409 -0.477159 0.478831 0.478027
2410 -0.476103 0.477852 0.477011
2411 -0.476042 0.477796 0.476952
2412 -0.476105 0.477855 0.477013
2413 -0.475603 0.477389 0.476530
2414 -0.476585 0.478300 0.477475
2415 -0.477436 0.479088 0.478293
2416 -0.477355 0.479013 0.478216
2417 -0.476200 0.477942 0.477104
2418 -0.475191 0.477008 0.476134
2419 -0.474323 0.476203 0.475299
2420 -0.474231 0.476118 0.475210
2421 -0.474574 0.476436 0.475540
2422 -0.475596 0.477383 0.476524
2423 -0.475761 0.477536 0.476682
2424 -0.476219 0.477960 0.477123
2425 -0.477218 0.478886 0.478084
2426 -0.478379 0.479962 0.479200
2427 -0.479126 0.480654 0.479919
2428 -0.479035 0.480570 0.479832
2429 -0.479898 0.481370 0.480662
2430 -0.479910 0.481381 0.480673
2431 -0.479719 0.481204 0.480490
2432 -0.479961 0.481429 0.480723
2433 -0.480397 0.481832 0.481142
2434 -0.481093 0.482478 0.481812
2435 -0.482789 0.484049 0.483443
2436 -0.483804 0.484990 0.484420
2437 -0.484896 0.486002 0.485470
2438 -0.484622 0.485748 0.485206
2439 -0.485215 0.486298 0.485777
2440 -0.485774 0.486815 0.486314
2441 -0.486242 0.487249 0.486765
2442 -0.486299 0.487302 0.486820
2443 -0.486210 0.487220 0.486734
2444 -0.485494 0.486556 0.486046
2445 -0.484857 0.485966 0.485433
2446 -0.484241 0.485395 0.484840
2447 -0.484383 0.485527 0.484977
2448 -0.485114 0.486204 0.485680
2449 -0.486146 0.487161 0.486673
2450 -0.485707 0.486754 0.486250
2451 -0.485560 0.486618 0.486109
2452 -0.484741 0.485858 0.485321
2453 -0.484485 0.485621 0.485075
2454 -0.483882 0.485063 0.484495
2455 -0.483908 0.485087 0.484520
2456 -0.484295 0.485445 0.484892
2457 -0.484568 0.485698 0.485154
2458 -0.484016 0.485186 0.484623
2459 -0.482903 0.484155 0.483553
2460 -0.481323 0.482691 0.482033
2461 -0.480906 0.482304 0.481631
2462 -0.480547 0.481972 0.481287
2463 -0.479977 0.481443 0.480738
2464 -0.479469 0.480973 0.480250
2465 -0.478880 0.480426 0.479682
2466 -0.478082 0.479687 0.478915
2467 -0.478101 0.479705 0.478934
2468 -0.477465 0.479115 0.478321
2469 -0.477728 0.479359 0.478575
2470 -0.477367 0.479025 0.478227
2471 -0.476946 0.478634 0.477822
2472 -0.475497 0.477291 0.476428
2473 -0.475096 0.476919 0.476042
2474 -0.474272 0.476155 0.475249
2475 -0.473961 0.475867 0.474950
2476 -0.474704 0.476557 0.475666
2477 -0.474760 0.476608 0.475719
2478 -0.475273 0.477084 0.476213
2479 -0.476640 0.478350 0.477527
2480 -0.476966 0.478653 0.477842
2481 -0.476967 0.478653 0.477842
2482 -0.477291 0.478954 0.478154
2483 -0.476925 0.478614 0.477802
2484 -0.476949 0.478637 0.477825
2485 -0.476762 0.478463 0.477645
2486 -0.477447 0.479098 0.478304
2487 -0.477428 0.479080 0.478285
2488 -0.476905 0.478596 0.477782
2489 -0.477728 0.479359 0.478575
2490 -0.477445 0.479097 0.478302
2491 -0.477537 0.479182 0.478390
2492 -0.477677 0.479312 0.478525
2493 -0.476832 0.478528 0.477712
2494 -0.477520 0.479166 0.478374
2495 -0.478660 0.480222 0.479471
2496 -0.480057 0.481517 0.480815
2497 -0.480656 0.482073 0.481391
2498 -0.481508 0.482861 0.482210
2499 -0.481700 0.483040 0.482395
